Server Info
Server CPU Core,40
Server CPU Freq,0.0 GHz
Server RAM Total,23 GB
time,0.919,1.833,2.746,3.660,4.575,5.490,6.407,7.326,8.242,9.157,10.072,10.988,11.904,12.820,13.763,14.680,15.604,16.528,17.444,18.369,19.295,20.216,21.131,22.045,22.962,23.877,24.793,25.708,26.625,27.550,28.489,29.409,30.325,31.239,32.156,33.148,34.131,35.185,36.159,37.074,37.989,39.124,40.289,41.374,42.354,43.278,44.265,45.340,46.410,47.338,48.307,49.353,50.379,51.330,52.262,53.177,54.159,55.175,56.211,57.152,58.118,59.249,60.299,61.351,62.278,63.193,64.121,65.218,66.235,67.199,68.157,69.242,70.227,71.257,72.177,73.142,74.153,75.169,76.156,77.114,78.083,79.366,80.394,81.374,82.289,83.221,84.190,85.356,86.473,87.438,88.467,89.602,90.676,91.631,92.597,93.645,94.636,95.708,96.693,97.660,98.758,100.019,101.044,101.960,102.886,103.859,104.908,106.380,107.558,108.557,109.773,111.187,112.165,113.127,114.367,115.541,116.725,117.880,118.933,120.129,121.142,122.058,122.987,123.967,124.952,125.884,126.799,127.714,128.632,129.546,130.463,131.378,132.294,133.211,134.127,135.042,135.957,136.872,137.806,138.721,139.638,140.553,141.467,142.380,143.294,144.207,145.121,146.034,146.949,147.862,148.792,149.706
Player Connected,0,0,0,1,3,4,5,5,7,10,12,12,12,12,14,17,18,18,19,22,24,24,24,24,26,27,28,28,28,29,30,31,33,35,38,39,41,42,44,46,47,48,48,48,48,48,48,48,48,48,48,48,48,48,48,48,48,48,48,48,48,48,48,48,48,48,48,48,48,48,48,48,48,48,48,48,48,48,48,48,48,48,48,48,48,48,48,48,48,48,48,48,48,48,48,48,48,48,48,48,48,48,48,48,48,48,48,48,48,48,48,48,48,48,48,48,48,48,48,48,48,48,48,48,48,48,48,48,48,48,48,48,48,48,48,48,48,48,48,48,48,48,48,48,48,48,48,48,48,48,48,48
TX (Kbps),0.0,0.0,0.0,2.7832,3.3418,3.1602,3.3613,2.084,6.3555,8.8262,7.2559,3.8535,0.7305,3.6406,30.6836,41.4727,6.4727,29.4102,4.8164,31.7656,58.8105,32.1094,2.7129,4.3711,30.082,61.2363,67.4961,24.0059,15.5293,21.1328,47.8281,60.5332,38.9883,11.2578,8.0938,80.9375,65.1035,151.584,30.2559,24.1484,83.082,52.9062,67.5352,72.9414,32.1816,104.3926,74.4375,141.543,50.8047,25.5332,83.9629,58.4844,68.9355,38.7871,11.377,125.2559,67.4043,136.4863,45.8691,21.7832,63.6348,72.3223,50.752,45.4492,19.7285,110.5566,45.9297,100.5059,76.252,11.4629,68.7363,57.7227,46.2227,46.1953,20.9258,68.0977,54.9473,117.2441,55.1797,24.2324,65.4844,59.2109,52.3672,40.6523,16.4277,112.6836,32.3359,138.5449,50.6094,27.7227,57.3164,68.7363,57.3145,20.1367,27.0684,79.957,114.207,47.0977,35.6348,37.6875,65.7227,49.2109,36.4023,20.7754,45.4082,72.4297,94.3242,74.4668,18.373,56.9492,63.0156,69.4141,20.707,57.7148,86.9141,117.8281,37.9258,39.7012,66.709,50.041,42.459,10.9492,60.8613,45.5078,104.9805,39.1328,29.4023,24.3184,19.5703,35.7148,27.9805,4.5469,2.2012,24.6387,23.8691,21.1406,0.8496,1.4512,8.709,2.2012,9.2949,0.7207,0.0,0.041,0.0,0.0,0.0,0.0,0.0,0.0,2.2861,6.3418
RX (Kbps),0.0449,0.0,0.0449,2.6191,3.6338,2.7129,2.8799,2.5195,5.5469,9.2197,6.7002,3.1738,1.21,3.9395,1155.1885,2125.3848,4.6289,2135.8604,6.2578,1986.0479,3189.9268,2170.8057,1.8145,5.0518,794.0859,3633.415,4408.3428,2091.8496,994.1445,1219.0293,4489.6699,5289.4639,2266.3057,10.5654,7.1133,3525.5918,4622.1035,7173.0654,779.4668,1407.4473,6174.4248,5115.1836,5273.4844,8927.1387,1684.665,5393.6992,6677.7617,10412.2432,4997.8818,1636.1367,9644.9346,7011.458,7011.6465,2877.2529,7.167,6444.1357,6047.9463,10686.0996,5095.6006,1358.7637,6657.9434,8346.502,6213.958,4296.2939,1136.5654,6724.1191,3286.0576,8059.7227,9076.2012,7.5742,6995.8711,5852.4248,5050.708,4743.9316,1374.0781,4749.6387,3688.7725,6952.1094,7002.1201,1115.542,5316.6211,5016.3877,4419.3281,3128.3525,669.0225,4932.2012,2599.3408,8535.8408,5537.1299,1575.6543,6277.1104,6606.3613,5056.2061,1181.3262,1161.835,4311.9375,5900.2998,5360.0566,3187.2295,2980.8955,7191.501,5923.8389,2748.9395,1031.6348,3321.0889,5437.457,6907.9092,7111.8877,1250.457,7063.708,7117.7129,7538.7168,1405.5703,5111.8037,6572.9424,8336.4404,6325.5137,3831.0107,8771.2764,7270.1797,4759.373,8.0059,3473.6094,4281.4766,5872.9092,4031.9854,2383.3594,1785.6455,1786.4365,3473.1514,2499.1045,4.2109,2.625,1245.6475,2393.8408,2508.4375,0.3047,1.0352,802.585,2.5645,862.6113,0.1914,0.0449,0.0449,0.0449,0.0,0.0449,0.0,0.0449,0.0,2.123,2.1016
TX + RX (Kbps),0.0449,0.0,0.0449,5.4023,6.9756,5.8731,6.2412,4.6035,11.9024,18.0459,13.9561,7.0273,1.9405000000000001,7.5801,1185.8721,2166.8574999999996,11.1016,2165.2706,11.0742,2017.8135,3248.7373000000002,2202.9150999999997,4.5274,9.4229,824.1679,3694.6513,4475.838900000001,2115.8555,1009.6738,1240.1621,4537.498,5349.9971,2305.294,21.8232,15.2071,3606.5293,4687.207,7324.6494,809.7227,1431.5957,6257.5068,5168.089800000001,5341.0196000000005,9000.0801,1716.8465999999999,5498.0918,6752.1992,10553.7862,5048.6865,1661.6699,9728.897500000001,7069.9424,7080.581999999999,2916.04,18.544,6569.3916,6115.3506,10822.5859,5141.4697,1380.5469,6721.5782,8418.8243,6264.71,4341.7431,1156.2939,6834.6757,3331.9873000000002,8160.2286,9152.4532,19.0371,7064.6074,5910.1475,5096.9307,4790.1269,1395.0039,4817.736400000001,3743.7198,7069.3535,7057.2998,1139.7744,5382.105500000001,5075.5986,4471.695299999999,3169.0048,685.4502,5044.884800000001,2631.6767,8674.3857,5587.7393,1603.377,6334.426799999999,6675.097599999999,5113.520600000001,1201.4629,1188.9034000000001,4391.8945,6014.5068,5407.1543,3222.8642999999997,3018.583,7257.2237000000005,5973.0498,2785.3418,1052.4102,3366.4971,5509.8867,7002.2334,7186.3545,1268.8300000000002,7120.6572,7180.7285,7608.1309,1426.2773000000002,5169.5185,6659.8565,8454.2685,6363.4395,3870.7119,8837.985400000001,7320.2207,4801.831999999999,18.9551,3534.4707,4326.9844,5977.8897,4071.1182,2412.7617,1809.9639000000002,1806.0068,3508.8662000000004,2527.085,8.7578,4.8262,1270.2862,2417.7099,2529.5781,1.1543,2.4863999999999997,811.294,4.7657,871.9062,0.9121,0.0449,0.0859,0.0449,0.0,0.0449,0.0,0.0449,0.0,4.4091000000000005,8.4434
CPU Usage Percent,0.1,0.0,0.0,0.7,1.0,0.9,1.3,0.4,2.6,4.7,3.5,1.9,0.3,1.7,9.1,9.2,14.2,6.8,6.4,18.7,15.9,21.9,9.2,3.5,11.7,21.3,23.9,27.3,12.3,9.8,21.3,41.8,37.9,20.8,19.9,28.3,34.6,39.3,30.4,29.3,22.5,39.1,64.0,60.7,60.9,62.7,54.0,59.0,59.0,49.1,37.3,52.2,56.0,56.5,38.6,29.2,45.1,51.9,55.1,56.9,40.3,50.3,55.8,55.1,37.8,32.3,46.5,50.5,57.1,54.5,39.5,52.4,56.0,55.6,42.5,31.0,48.6,53.6,56.7,54.6,44.2,53.6,58.7,55.6,33.9,31.7,49.4,52.7,54.0,52.0,41.8,54.3,53.6,48.1,26.4,39.0,51.3,51.4,57.2,48.1,46.2,51.5,51.1,46.3,26.3,44.5,49.2,55.6,57.1,55.0,54.7,51.3,52.9,50.6,48.8,53.3,53.6,51.9,51.1,55.4,51.7,44.2,24.5,38.3,42.0,41.3,30.3,18.1,28.6,26.2,23.9,16.0,3.8,10.2,14.8,17.0,10.9,1.8,3.5,8.9,7.7,3.3,0.1,0.3,0.6,0.2,0.2,0.9,0.3,0.3,1.1,3.8
RAM Usage Percent,6.0,6.0,6.0,6.0,6.1,6.1,6.1,6.1,6.2,6.3,6.4,6.3,6.3,6.4,6.9,6.6,7.3,6.7,6.7,7.6,7.4,7.3,6.9,6.9,7.0,8.0,7.5,9.0,7.8,7.4,8.6,9.7,9.1,8.5,8.4,8.9,9.7,10.2,9.9,9.9,9.3,10.5,13.4,13.6,13.8,12.8,12.3,13.1,13.7,11.5,10.7,13.1,12.4,12.7,9.9,10.3,12.3,11.7,13.8,12.8,10.7,13.4,12.2,13.4,10.4,10.6,12.2,11.9,14.3,12.5,10.7,13.3,13.2,13.3,11.0,10.7,12.9,13.0,13.6,13.2,11.6,13.4,13.8,13.1,10.8,11.0,13.1,12.6,14.3,12.8,11.9,13.7,12.8,12.4,10.1,11.7,12.6,13.1,14.4,12.4,12.8,12.9,12.7,12.2,10.7,11.9,13.4,13.8,14.2,13.1,13.3,12.9,14.1,12.8,13.3,12.8,14.4,13.1,13.4,13.7,13.8,12.0,10.9,12.2,11.7,13.4,11.0,10.3,11.7,11.0,10.3,9.9,9.9,10.1,10.3,10.7,10.6,9.8,9.8,10.2,10.3,9.8,9.8,9.8,9.8,9.8,9.8,9.8,9.8,9.8,9.8,9.8

IP,10.0.0.41
Attribute,HIGH
initTime,2023-04-13 14:09:22.912417
endTime,2023-04-13 14:11:49.690662
liveTime(sec),146.778245
startupDelay,397
Total stalling Event,0
player width,1280
player height,720
time,7.805,12.961,17.873,22.931,28.488,33.318,39.738,43.451,48.184,53.141,58.379,63.165,68.262,73.189,78.326,83.182,88.312,93.357,98.184,103.189,108.705,113.382
elapsed,0.000,5.156,10.068,15.126,20.683,25.513,31.933,35.646,40.379,45.336,50.574,55.360,60.457,65.384,70.521,75.377,80.507,85.552,90.379,95.384,100.900,105.577
bitrate,2000,1401,1401,800,800,800,400,400,400,400,400,400,400,400,400,400,400,400,400,400,400,400
framerate,29.97,29.97,29.97,29.97,29.97,29.97,29.97,29.97,29.97,29.97,29.97,29.97,29.97,29.97,29.97,29.97,29.97,29.97,29.97,29.97,29.97,29.97
bufferLevel,4.992,30.059,30.597,31.511,31.184,31.342,31.171,31.578,31.458,31.215,32.098,31.795,32.024,29.122,32.991,33.096,33.31,29.489,29.507,33.09,30.101,30.614
GMSD,0,0,0.80136,0,0.89499,0,0.95971,0,0.95182,0,0.94766,0,0.91824,0,0.92166,0,0.86800,0,0.92909,0,0.86461,0
bitrateSwitch,0,1,0,1,0,0,1,0,0,0,0,0,0,0,0,0,0,0,0,0,0,0
stalling,0,0,0,0,0,0,0,0,0,0,0,0,0,0,0,0,0,0,0,0,0,0
stallingTime (sec),0,0,0,0,0,0,0,0,0,0,0,0,0,0,0,0,0,0,0,0,0,0
Throughput (Kbps),7765,12543,3067,2149,1471,1983,1724,853,691,708,950,904,940,771,1433,808,950,629,889,1321,702,943

IP,10.0.0.42
Attribute,HIGH
initTime,2023-04-13 14:09:24.282515
endTime,2023-04-13 14:11:49.690681
liveTime(sec),145.408166
startupDelay,227
Total stalling Event,0
player width,1280
player height,720
time,9.344,14.517,19.458,24.588,30.092,35.331,40.901,44.941,49.935,54.898,59.941,64.876,70.063,74.930,79.967,84.898,90.434,95.036,100.046,105.698,110.645,115.425
elapsed,0.000,5.173,10.114,15.244,20.748,25.987,31.557,35.597,40.591,45.554,50.597,55.532,60.719,65.586,70.623,75.554,81.090,85.692,90.702,96.354,101.301,106.081
bitrate,2000,1401,1401,800,800,800,400,400,400,400,400,400,400,400,400,400,400,400,400,400,400,400
framerate,29.97,29.97,29.97,29.97,29.97,29.97,29.97,29.97,29.97,29.97,29.97,29.97,29.97,29.97,29.97,29.97,29.97,29.97,29.97,29.97,29.97,29.97
bufferLevel,4.657,29.7,30.457,30.283,30.5,30.729,30.823,31.5,30.653,31.002,31.256,31.414,31.556,32.643,32.745,32.713,32.938,29.096,32.371,32.966,30.133,30.177
GMSD,0,0,0.81201,0,0.83409,0,0.95026,0,0.94306,0,0.94766,0,0.91497,0,0.92172,0,0.86800,0,0.92637,0,0.91251,0
bitrateSwitch,0,1,0,1,0,0,1,0,0,0,0,0,0,0,0,0,0,0,0,0,0,0
stalling,0,0,0,0,0,0,0,0,0,0,0,0,0,0,0,0,0,0,0,0,0,0
stallingTime (sec),0,0,0,0,0,0,0,0,0,0,0,0,0,0,0,0,0,0,0,0,0,0
Throughput (Kbps),7765,12543,3067,2149,1471,1983,1724,853,691,708,950,904,940,1126,1078,808,950,629,1254,955,702,943

IP,10.0.0.3
Attribute,HIGH
initTime,2023-04-13 14:09:24.415017
endTime,2023-04-13 14:11:49.690703
liveTime(sec),145.275686
startupDelay,968
Total stalling Event,0
player width,1280
player height,720
time,9.103,14.017,18.888,23.975,29.254,34.706,40.210,44.491,49.461,54.371,59.519,64.285,69.448,74.236,79.589,84.390,89.504,94.436,99.532,104.427,109.682,114.568,119.517
elapsed,0.000,4.914,9.785,14.872,20.151,25.603,31.107,35.388,40.358,45.268,50.416,55.182,60.345,65.133,70.486,75.287,80.401,85.333,90.429,95.324,100.579,105.465,110.414
bitrate,400,400,400,400,400,400,400,400,400,400,400,400,400,400,400,400,400,400,400,400,400,400,400
framerate,29.97,29.97,29.97,29.97,29.97,29.97,29.97,29.97,29.97,29.97,29.97,29.97,29.97,29.97,29.97,29.97,29.97,29.97,29.97,29.97,29.97,29.97,29.97
bufferLevel,30.897,19.357,25.104,32.401,19.908,28.175,15.373,23.814,32.029,20.109,28.597,16.222,24.351,13.049,21.205,30.016,18.92,26.61,15.373,22.411,30.431,18.361,26.083
GMSD,0,0,0.90556,0,0.89713,0,0.87057,0,0.84702,0,0.88249,0,0.90219,0,0.82299,0,0.86805,0,0.92423,0,0.91380,0,0.86706
bitrateSwitch,0,0,0,0,0,0,0,0,0,0,0,0,0,0,0,0,0,0,0,0,0,0,0
stalling,0,0,0,0,0,0,0,0,0,0,0,0,0,0,0,0,0,0,0,0,0,0,0
stallingTime (sec),0,0,0,0,0,0,0,0,0,0,0,0,0,0,0,0,0,0,0,0,0,0,0
Throughput (Kbps),6015,0,1265,1764,0,1337,0,1740,1197,0,1363,0,1568,0,1697,1665,0,1461,0,1593,1657,0,1584

IP,10.0.0.4
Attribute,HIGH
initTime,2023-04-13 14:09:25.362783
endTime,2023-04-13 14:11:49.690707
liveTime(sec),144.327924
startupDelay,379
Total stalling Event,0
player width,1280
player height,720
time,10.239,15.279,20.317,25.360,31.174,36.909,41.908,45.937,50.883,55.817,60.825,65.791,70.920,75.981,80.789,85.970,90.779,96.011,100.974,106.259,111.590,115.967,120.784
elapsed,0.000,5.040,10.078,15.121,20.935,26.670,31.669,35.698,40.644,45.578,50.586,55.552,60.681,65.742,70.550,75.731,80.540,85.772,90.735,96.020,101.351,105.728,110.545
bitrate,400,400,400,400,400,400,400,400,400,400,400,400,400,400,400,400,400,400,400,400,400,400,400
framerate,29.97,29.97,29.97,29.97,29.97,29.97,29.97,29.97,29.97,29.97,29.97,29.97,29.97,29.97,29.97,29.97,29.97,29.97,29.97,29.97,29.97,29.97,29.97
bufferLevel,29.518,18.29,22.75,30.202,17.69,25.391,13.929,22.26,30.216,19.363,27.312,14.816,22.269,30.697,19.702,28.263,17.76,24.863,32.87,21.279,28.636,17.073,24.949
GMSD,0,0,0.85251,0,0.79718,0,0.89748,0,0.84952,0,0.93686,0,0.70771,0,0.92780,0,0.86703,0,0.92857,0,0.86580,0,0.94714
bitrateSwitch,0,0,0,0,0,0,0,0,0,0,0,0,0,0,0,0,0,0,0,0,0,0,0
stalling,0,0,0,0,0,0,0,0,0,0,0,0,0,0,0,0,0,0,0,0,0,0,0
stallingTime (sec),0,0,0,0,0,0,0,0,0,0,0,0,0,0,0,0,0,0,0,0,0,0,0
Throughput (Kbps),4456,0,1265,1764,0,1337,0,1740,1197,0,1363,0,1568,1697,0,1665,0,1461,1593,0,1657,0,1584

IP,10.0.0.39
Attribute,HIGH
initTime,2023-04-13 14:09:26.102027
endTime,2023-04-13 14:11:49.690709
liveTime(sec),143.588682
startupDelay,753
Total stalling Event,0
player width,1280
player height,720
time,10.692,15.727,20.761,25.785,31.962,37.805,41.817,46.173,51.192,56.329,61.229,66.404,71.161,76.336,81.260,86.377,91.177,96.306,101.231,106.914,112.038,116.483,121.397,126.055,131.015
elapsed,0.000,5.035,10.069,15.093,21.270,27.113,31.125,35.481,40.500,45.637,50.537,55.712,60.469,65.644,70.568,75.685,80.485,85.614,90.539,96.222,101.346,105.791,110.705,115.363,120.323
bitrate,2000,1401,1401,800,800,800,400,400,400,400,400,400,400,400,400,400,400,400,400,400,400,400,400,400,400
framerate,29.97,29.97,29.97,29.97,29.97,29.97,29.97,29.97,29.97,29.97,29.97,29.97,29.97,29.97,29.97,29.97,29.97,29.97,29.97,29.97,29.97,29.97,29.97,29.97,29.97
bufferLevel,6.54,31.286,32.362,29.408,33.043,30.202,32.428,32.815,30.007,29.422,28.964,29.633,29.515,29.891,30.589,30.69,30.75,32.086,31.669,31.858,31.397,32.152,32.437,33.589,29.462
GMSD,0,0,0.89278,0,0.83168,0,0.95747,0,0.95123,0,0.86840,0,0.90743,0,0.84143,0,0.84458,0,0.89443,0,0.93836,0,0.86229,0,0.85699
bitrateSwitch,0,1,0,1,0,0,1,0,0,0,0,0,0,0,0,0,0,0,0,0,0,0,0,0,0
stalling,0,0,0,0,0,0,0,0,0,0,0,0,0,0,0,0,0,0,0,0,0,0,0,0,0
stallingTime (sec),0,0,0,0,0,0,0,0,0,0,0,0,0,0,0,0,0,0,0,0,0,0,0,0,0
Throughput (Kbps),7765,12543,3067,1404,2217,1373,2334,853,505,601,947,866,1010,1033,1035,986,814,985,889,957,1065,943,1095,913,580

IP,10.0.0.40
Attribute,HIGH
initTime,2023-04-13 14:09:27.296382
endTime,2023-04-13 14:11:49.690712
liveTime(sec),142.39433
startupDelay,467
Total stalling Event,0
player width,1280
player height,720
time,12.276,17.512,22.444,27.781,32.534,38.848,42.823,47.522,52.493,57.566,62.535,67.608,72.509,77.574,82.542,87.582,92.508,97.622,102.523,108.165,112.737,117.659,122.520,127.556,132.569
elapsed,0.000,5.236,10.168,15.505,20.258,26.572,30.547,35.246,40.217,45.290,50.259,55.332,60.233,65.298,70.266,75.306,80.232,85.346,90.247,95.889,100.461,105.383,110.244,115.280,120.293
bitrate,400,400,400,400,400,400,400,400,400,400,400,400,400,400,400,400,400,400,400,400,400,400,400,400,400
framerate,29.97,29.97,29.97,29.97,29.97,29.97,29.97,29.97,29.97,29.97,29.97,29.97,29.97,29.97,29.97,29.97,29.97,29.97,29.97,29.97,29.97,29.97,29.97,29.97,29.97
bufferLevel,29.768,18.695,27.658,16.965,23.878,24.416,19.424,28.23,17.486,20.301,28.222,17.049,24.567,13.187,21.664,29.891,17.872,26.535,14.699,22.546,30.77,19.048,27.868,16.163,24.723
GMSD,0,0,0.89896,0,0.82131,0,0.88383,0,0.84651,0,0.94450,0,0.90769,0,0.92235,0,0.85826,0,0.91251,0,0.93978,0,0.85823,0,0.88606
bitrateSwitch,0,0,0,0,0,0,0,0,0,0,0,0,0,0,0,0,0,0,0,0,0,0,0,0,0
stalling,0,0,0,0,0,0,0,0,0,0,0,0,0,0,0,0,0,0,0,0,0,0,0,0,0
stallingTime (sec),0,0,0,0,0,0,0,0,0,0,0,0,0,0,0,0,0,0,0,0,0,0,0,0,0
Throughput (Kbps),6015,0,1529,0,1816,1019,305,1681,0,951,1363,0,1568,0,1697,1665,0,1461,0,1593,1657,0,1584,0,1674

IP,10.0.0.19
Attribute,HIGH
initTime,2023-04-13 14:09:27.568968
endTime,2023-04-13 14:11:49.690714
liveTime(sec),142.121746
startupDelay,1018
Total stalling Event,0
player width,1280
player height,720
time,11.955,16.997,22.047,27.069,32.443,38.570,42.675,47.266,52.172,57.317,62.213,67.362,72.189,77.358,82.217,87.434,92.245,97.354,102.208,107.971,112.426,117.544,122.221,127.192,132.279,137.282
elapsed,0.000,5.042,10.092,15.114,20.488,26.615,30.720,35.311,40.217,45.362,50.258,55.407,60.234,65.403,70.262,75.479,80.290,85.399,90.253,96.016,100.471,105.589,110.266,115.237,120.324,125.327
bitrate,400,400,400,400,400,400,400,400,400,400,400,400,400,400,400,400,400,400,400,400,400,400,400,400,400,400
framerate,29.97,29.97,29.97,29.97,29.97,29.97,29.97,29.97,29.97,29.97,29.97,29.97,29.97,29.97,29.97,29.97,29.97,29.97,29.97,29.97,29.97,29.97,29.97,29.97,29.97,29.97
bufferLevel,30.316,18.768,27.787,16.392,23.873,12.129,21.039,29.266,18.755,27.786,16.602,24.878,33.202,21.726,30.74,18.319,26.229,14.681,23.448,30.856,19.484,27.453,16.585,22.646,31.409,20.047
GMSD,0,0,0.91316,0,0.85467,0,0.86760,0,0.86063,0,0.86586,0,0.85096,0,0.91774,0,0.86636,0,0.85731,0,0.86537,0,0.90467,0,0.93462,0
bitrateSwitch,0,0,0,0,0,0,0,0,0,0,0,0,0,0,0,0,0,0,0,0,0,0,0,0,0,0
stalling,0,0,0,0,0,0,0,0,0,0,0,0,0,0,0,0,0,0,0,0,0,0,0,0,0,0
stallingTime (sec),0,0,0,0,0,0,0,0,0,0,0,0,0,0,0,0,0,0,0,0,0,0,0,0,0,0
Throughput (Kbps),4456,0,1529,0,1816,0,1324,1681,0,1122,0,1487,1581,0,1693,0,1581,0,1579,1598,0,1663,0,1689,1494,0

IP,10.0.0.1
Attribute,HIGH
initTime,2023-04-13 14:09:28.519488
endTime,2023-04-13 14:11:49.690717
liveTime(sec),141.171229
startupDelay,829
Total stalling Event,0
player width,1280
player height,720
time,13.130,18.460,23.286,28.716,33.782,39.595,43.720,48.609,53.566,58.684,63.635,68.699,73.631,78.891,83.672,88.631,93.789,98.736,103.676,109.226,113.840,118.706,123.551,128.552,133.407
elapsed,0.000,5.330,10.156,15.586,20.652,26.465,30.590,35.479,40.436,45.554,50.505,55.569,60.501,65.761,70.542,75.501,80.659,85.606,90.546,96.096,100.710,105.576,110.421,115.422,120.277
bitrate,400,400,400,400,400,400,400,400,400,400,400,400,400,400,400,400,400,400,400,400,400,400,400,400,400
framerate,29.97,29.97,29.97,29.97,29.97,29.97,29.97,29.97,29.97,29.97,29.97,29.97,29.97,29.97,29.97,29.97,29.97,29.97,29.97,29.97,29.97,29.97,29.97,29.97,29.97
bufferLevel,31.429,18.647,27.573,15.726,23.472,32.372,19.906,27.618,15.572,24.664,32.872,21.125,29.342,18.462,25.795,14.291,22.02,22.07,22.274,22.169,22.657,22.563,22.91,23.572,20.533
GMSD,0,0,0.88239,0,0.91545,0,0.85911,0,0.84899,0,0.94663,0,0.90279,0,0.91853,0,0.86795,0,0.92834,0,0.92263,0,0.86685,0,0.91273
bitrateSwitch,0,0,0,0,0,0,0,0,0,0,0,0,0,0,0,0,0,0,0,0,0,0,0,0,0
stalling,0,0,0,0,0,0,0,0,0,0,0,0,0,0,0,0,0,0,0,0,0,0,0,0,0
stallingTime (sec),0,0,0,0,0,0,0,0,0,0,0,0,0,0,0,0,0,0,0,0,0,0,0,0,0
Throughput (Kbps),6015,0,1529,0,1816,1324,0,1681,0,1122,1487,0,1581,0,1693,0,1581,950,911,973,955,1052,879,1127,597

IP,10.0.0.20
Attribute,HIGH
initTime,2023-04-13 14:09:28.628840
endTime,2023-04-13 14:11:49.690719
liveTime(sec),141.061879
startupDelay,446
Total stalling Event,0
player width,1280
player height,720
time,13.389,18.499,23.490,28.732,33.941,39.880,44.022,48.907,53.899,58.848,63.785,68.948,73.838,78.955,83.756,89.014,93.908,98.938,103.957,109.366,113.859,118.862,123.806,128.746,133.642,138.667
elapsed,0.000,5.110,10.101,15.343,20.552,26.491,30.633,35.518,40.510,45.459,50.396,55.559,60.449,65.566,70.367,75.625,80.519,85.549,90.568,95.977,100.470,105.473,110.417,115.357,120.253,125.278
bitrate,400,400,400,400,400,800,800,400,400,400,400,400,400,400,400,400,400,400,400,400,400,400,400,400,400,400
framerate,29.97,29.97,29.97,29.97,29.97,29.97,29.97,29.97,29.97,29.97,29.97,29.97,29.97,29.97,29.97,29.97,29.97,29.97,29.97,29.97,29.97,29.97,29.97,29.97,29.97,29.97
bufferLevel,29.404,17.951,26.295,14.634,22.999,30.863,31.203,32.321,29.623,30.612,30.878,31.734,32.498,32.451,32.909,32.834,33.511,33.187,30.354,29.843,29.78,30.124,29.789,33.447,30.348,31.416
GMSD,0,0,0.92514,0,0.82164,0,0.95985,0,0.94838,0,0.86665,0,0.91039,0,0.91593,0,0.85062,0,0.86277,0,0.84397,0,0.86120,0,0.89680,0
bitrateSwitch,0,0,0,0,0,1,0,1,0,0,0,0,0,0,0,0,0,0,0,0,0,0,0,0,0,0
stalling,0,0,0,0,0,0,0,0,0,0,0,0,0,0,0,0,0,0,0,0,0,0,0,0,0,0
stallingTime (sec),0,0,0,0,0,0,0,0,0,0,0,0,0,0,0,0,0,0,0,0,0,0,0,0,0,0
Throughput (Kbps),4456,0,1529,0,1816,2752,4109,1048,505,601,947,866,1010,1033,1035,986,814,985,571,1027,907,1006,984,1368,580,954

IP,10.0.0.23
Attribute,HIGH
initTime,2023-04-13 14:09:28.751496
endTime,2023-04-13 14:11:49.690722
liveTime(sec),140.939226
startupDelay,1011
Total stalling Event,0
player width,1280
player height,720
time,13.052,18.412,23.242,28.746,33.651,39.709,43.590,48.554,53.376,58.589,63.615,68.613,73.481,78.581,83.435,88.637,93.490,98.535,103.450,108.889,113.690,118.663,123.389,128.375
elapsed,0.000,5.360,10.190,15.694,20.599,26.657,30.538,35.502,40.324,45.537,50.563,55.561,60.429,65.529,70.383,75.585,80.438,85.483,90.398,95.837,100.638,105.611,110.337,115.323
bitrate,2000,1401,1401,800,800,800,400,400,400,400,400,400,400,400,400,400,400,400,400,400,400,400,400,400
framerate,29.97,29.97,29.97,29.97,29.97,29.97,29.97,29.97,29.97,29.97,29.97,29.97,29.97,29.97,29.97,29.97,29.97,29.97,29.97,29.97,29.97,29.97,29.97,29.97
bufferLevel,6.106,30.246,31.314,32.592,32.318,32.645,31.408,31.456,31.851,31.817,31.79,31.956,32.979,29.559,29.563,29.711,30.671,30.159,29.798,30.11,30.87,31.18,31.205,31.518
GMSD,0,0,0.79075,0,0.90665,0,0.92705,0,0.94614,0,0.92489,0,0.90932,0,0.92032,0,0.86776,0,0.92618,0,0.82242,0,0.83382,0
bitrateSwitch,0,1,0,1,0,0,1,0,0,0,0,0,0,0,0,0,0,0,0,0,0,0,0,0
stalling,0,0,0,0,0,0,0,0,0,0,0,0,0,0,0,0,0,0,0,0,0,0,0,0
stallingTime (sec),0,0,0,0,0,0,0,0,0,0,0,0,0,0,0,0,0,0,0,0,0,0,0,0
Throughput (Kbps),7765,12543,3067,2149,1471,1983,1724,853,691,708,950,904,940,771,1433,587,814,985,1254,592,1065,943,1095,913

IP,10.0.0.24
Attribute,HIGH
initTime,2023-04-13 14:09:29.495896
endTime,2023-04-13 14:11:49.690724
liveTime(sec),140.194828
startupDelay,326
Total stalling Event,0
player width,1280
player height,720
time,14.523,19.503,24.639,30.037,35.322,41.532,45.083,50.096,55.042,60.228,65.166,70.147,75.103,80.278,85.058,90.494,95.295,100.431,105.562,110.862,115.301,120.395,124.845,129.813
elapsed,0.000,4.980,10.116,15.514,20.799,27.009,30.560,35.573,40.519,45.705,50.643,55.624,60.580,65.755,70.535,75.971,80.772,85.908,91.039,96.339,100.778,105.872,110.322,115.290
bitrate,2000,1401,1401,800,800,800,400,400,400,400,400,400,400,400,400,400,400,400,400,400,400,400,400,400
framerate,29.97,29.97,29.97,29.97,29.97,29.97,29.97,29.97,29.97,29.97,29.97,29.97,29.97,29.97,29.97,29.97,29.97,29.97,29.97,29.97,29.97,29.97,29.97,29.97
bufferLevel,8.852,33.181,30.186,30.781,31.236,31.624,30.427,30.33,30.554,30.193,30.412,31.031,31.31,31.269,31.861,32.26,32.751,32.335,32.721,32.882,29.436,30.106,29.697,29.618
GMSD,0,0,0.88889,0,0.92404,0,0.92039,0,0.95071,0,0.94813,0,0.91139,0,0.80042,0,0.86822,0,0.68600,0,0.81608,0,0.88104,0
bitrateSwitch,0,1,0,1,0,0,1,0,0,0,0,0,0,0,0,0,0,0,0,0,0,0,0,0
stalling,0,0,0,0,0,0,0,0,0,0,0,0,0,0,0,0,0,0,0,0,0,0,0,0
stallingTime (sec),0,0,0,0,0,0,0,0,0,0,0,0,0,0,0,0,0,0,0,0,0,0,0,0
Throughput (Kbps),10400,11728,2075,2149,1471,1983,1723,853,691,708,950,904,940,1126,1078,808,950,911,973,955,702,943,1095,913

IP,10.0.0.2
Attribute,HIGH
initTime,2023-04-13 14:09:29.758987
endTime,2023-04-13 14:11:49.690727
liveTime(sec),139.93174
startupDelay,435
Total stalling Event,0
player width,1280
player height,720
time,14.953,19.787,24.923,30.421,35.447,41.714,45.231,50.304,55.157,60.342,65.324,70.417,75.406,80.293,85.258,90.415,95.321,100.539,105.527,111.015,115.552,120.514,125.084,129.975
elapsed,0.000,4.834,9.970,15.468,20.494,26.761,30.278,35.351,40.204,45.389,50.371,55.464,60.453,65.340,70.305,75.462,80.368,85.586,90.574,96.062,100.599,105.561,110.131,115.022
bitrate,2000,1401,1401,800,800,800,800,400,400,400,400,400,400,400,400,400,400,400,400,400,400,400,400,400
framerate,29.97,29.97,29.97,29.97,29.97,29.97,29.97,29.97,29.97,29.97,29.97,29.97,29.97,29.97,29.97,29.97,29.97,29.97,29.97,29.97,29.97,29.97,29.97,29.97
bufferLevel,9.747,29.968,30.027,30.552,31.172,31.04,30.12,30.385,30.57,31.655,31.883,31.74,32.266,33.645,32.423,32.595,33,33.025,29.54,29.325,29.074,30.524,30.102,30.854
GMSD,0,0,0.99514,0,0.80887,0,0.93775,0,0.95048,0,0.90000,0,0.87842,0,0.89544,0,0.86703,0,0.92916,0,0.84709,0,0.86284,0
bitrateSwitch,0,1,0,1,0,0,0,1,0,0,0,0,0,0,0,0,0,0,0,0,0,0,0,0
stalling,0,0,0,0,0,0,0,0,0,0,0,0,0,0,0,0,0,0,0,0,0,0,0,0
stallingTime (sec),0,0,0,0,0,0,0,0,0,0,0,0,0,0,0,0,0,0,0,0,0,0,0,0
Throughput (Kbps),7977,41517,3067,2617,1471,1983,2088,853,691,708,950,904,940,1126,1078,808,950,911,607,957,1065,943,1095,913

IP,10.0.0.49
Attribute,HIGH
initTime,2023-04-13 14:09:32.672094
endTime,2023-04-13 14:11:49.690729
liveTime(sec),137.018635
startupDelay,662
Total stalling Event,0
player width,1280
player height,720
time,17.731,22.504,27.744,32.646,38.893,42.919,47.645,52.625,57.738,62.644,67.663,72.646,77.777,82.645,87.768,92.697,97.731,102.666,108.166,112.856,117.814,122.682,127.697,132.941
elapsed,0.000,4.773,10.013,14.915,21.162,25.188,29.914,34.894,40.007,44.913,49.932,54.915,60.046,64.914,70.037,74.966,80.000,84.935,90.435,95.125,100.083,104.951,109.966,115.210
bitrate,2000,1401,1401,800,800,800,400,400,400,400,400,400,400,400,400,400,400,400,400,400,400,400,400,400
framerate,29.97,29.97,29.97,29.97,29.97,29.97,29.97,29.97,29.97,29.97,29.97,29.97,29.97,29.97,29.97,29.97,29.97,29.97,29.97,29.97,29.97,29.97,29.97,29.97
bufferLevel,7.06,31.567,31.583,31.986,31.832,31.388,31.402,31.09,30.354,31.436,31.061,31.416,32.356,31.034,31.137,28.262,32.171,29.609,29.8,30.126,30.751,31.234,31.27,31.652
GMSD,0,0,0.95634,0,0.89064,0,0.90899,0,0.95097,0,0.91283,0,0.88759,0,0.88109,0,0.86612,0,0.92835,0,0.89020,0,0.85892,0
bitrateSwitch,0,1,0,1,0,0,1,0,0,0,0,0,0,0,0,0,0,0,0,0,0,0,0,0
stalling,0,0,0,0,0,0,0,0,0,0,0,0,0,0,0,0,0,0,0,0,0,0,0,0
stallingTime (sec),0,0,0,0,0,0,0,0,0,0,0,0,0,0,0,0,0,0,0,0,0,0,0,0
Throughput (Kbps),7765,12543,3067,2149,1471,1983,1724,853,691,708,950,904,940,1126,1078,587,1170,629,889,957,1065,943,1095,913

IP,10.0.0.33
Attribute,HIGH
initTime,2023-04-13 14:09:33.559523
endTime,2023-04-13 14:11:49.690732
liveTime(sec),136.131209
startupDelay,977
Total stalling Event,0
player width,1280
player height,720
time,18.420,23.246,28.542,33.740,39.509,43.586,48.510,53.341,58.623,63.446,68.457,73.416,78.526,83.497,88.465,93.443,98.511,103.453,109.051,113.489,118.605,123.366,128.329,133.259,138.294
elapsed,0.000,4.826,10.122,15.320,21.089,25.166,30.090,34.921,40.203,45.026,50.037,54.996,60.106,65.077,70.045,75.023,80.091,85.033,90.631,95.069,100.185,104.946,109.909,114.839,119.874
bitrate,2000,2000,1401,800,800,800,800,400,400,400,400,400,400,400,400,400,400,400,400,400,400,400,400,400,400
framerate,29.97,29.97,29.97,29.97,29.97,29.97,29.97,29.97,29.97,29.97,29.97,29.97,29.97,29.97,29.97,29.97,29.97,29.97,29.97,29.97,29.97,29.97,29.97,29.97,29.97
bufferLevel,19.131,7.554,32.632,32.515,29.116,29.381,30.553,30.034,29.312,29.982,30.743,31.421,31.862,30.515,31.107,30.557,30.719,31.007,30.841,31.371,31.188,31.265,32.049,32.279,32.7
GMSD,0,0,0.99527,0,0.98649,0,0.93993,0,0.94360,0,0.98084,0,0.90014,0,0.91997,0,0.86099,0,0.92184,0,0.89035,0,0.85246,0,0.93752
bitrateSwitch,0,0,1,1,0,0,0,1,0,0,0,0,0,0,0,0,0,0,0,0,0,0,0,0,0
stalling,0,0,0,0,0,0,0,0,0,0,0,0,0,0,0,0,0,0,0,0,0,0,0,0,0
stallingTime (sec),0,0,0,0,0,0,0,0,0,0,0,0,0,0,0,0,0,0,0,0,0,0,0,0,0
Throughput (Kbps),8841,42240,13126,3165,1276,1568,1927,1757,765,601,947,866,1010,1033,1035,986,814,985,889,957,1065,943,1095,913,935

IP,10.0.0.7
Attribute,HIGH
initTime,2023-04-13 14:09:33.699113
endTime,2023-04-13 14:11:49.690753
liveTime(sec),135.99164
startupDelay,1049
Total stalling Event,0
player width,1280
player height,720
time,18.474,23.306,28.636,33.717,39.871,43.717,48.724,53.453,58.549,63.569,68.672,73.612,78.887,83.502,88.791,93.637,98.649,103.623,109.082,113.677,118.760,123.581,128.472,133.361
elapsed,0.000,4.832,10.162,15.243,21.397,25.243,30.250,34.979,40.075,45.095,50.198,55.138,60.413,65.028,70.317,75.163,80.175,85.149,90.608,95.203,100.286,105.107,109.998,114.887
bitrate,2000,1401,1401,800,800,800,400,400,400,400,400,400,400,400,400,400,400,400,400,400,400,400,400,400
framerate,29.97,29.97,29.97,29.97,29.97,29.97,29.97,29.97,29.97,29.97,29.97,29.97,29.97,29.97,29.97,29.97,29.97,29.97,29.97,29.97,29.97,29.97,29.97,29.97
bufferLevel,6.845,31.731,31.651,33.149,29.585,32.911,31.764,32.196,31.772,32.372,32.198,29.052,33.441,29.134,28.925,32.211,32.566,33.136,29.561,30.336,32.877,30.126,33.397,30.102
GMSD,0,0,0.98468,0,0.87271,0,0.91022,0,0.94778,0,0.88731,0,0.88623,0,0.91682,0,0.67105,0,0.87584,0,0.86032,0,0.86696,0
bitrateSwitch,0,1,0,1,0,0,1,0,0,0,0,0,0,0,0,0,0,0,0,0,0,0,0,0
stalling,0,0,0,0,0,0,0,0,0,0,0,0,0,0,0,0,0,0,0,0,0,0,0,0
stallingTime (sec),0,0,0,0,0,0,0,0,0,0,0,0,0,0,0,0,0,0,0,0,0,0,0,0
Throughput (Kbps),7765,12543,3067,2149,1471,1983,1724,853,691,708,950,571,1272,771,1035,1206,950,911,607,957,1415,593,1412,597

IP,10.0.0.50
Attribute,HIGH
initTime,2023-04-13 14:09:34.129504
endTime,2023-04-13 14:11:49.690756
liveTime(sec),135.561252
startupDelay,364
Total stalling Event,0
player width,1280
player height,720
time,19.384,24.323,29.533,34.686,40.716,44.747,49.712,54.582,59.706,64.606,69.814,74.672,79.800,84.757,89.716,94.803,99.700,105.021,110.170,114.950,119.821,124.654,129.426
elapsed,0.000,4.939,10.149,15.302,21.332,25.363,30.328,35.198,40.322,45.222,50.430,55.288,60.416,65.373,70.332,75.419,80.316,85.637,90.786,95.566,100.437,105.270,110.042
bitrate,2000,1401,1401,800,800,800,400,400,400,400,400,400,400,400,400,400,400,400,400,400,400,400,400
framerate,29.97,29.97,29.97,29.97,29.97,29.97,29.97,29.97,29.97,29.97,29.97,29.97,29.97,29.97,29.97,29.97,29.97,29.97,29.97,29.97,29.97,29.97,29.97
bufferLevel,6.164,31.228,31.023,30.603,30.12,30.442,30.253,31.163,29.596,30.282,33.739,30.097,29.786,29.764,30.898,31.398,32.018,29.184,28.625,29.568,31.008,29.809,30.685
GMSD,0,0,0.98570,0,0.85476,0,0.96322,0,0.93008,0,0.89336,0,0.90007,0,0.94124,0,0.93706,0,0.92821,0,0.85364,0,0.82968
bitrateSwitch,0,1,0,1,0,0,1,0,0,0,0,0,0,0,0,0,0,0,0,0,0,0,0
stalling,0,0,0,0,0,0,0,0,0,0,0,0,0,0,0,0,0,0,0,0,0,0,0
stallingTime (sec),0,0,0,0,0,0,0,0,0,0,0,0,0,0,0,0,0,0,0,0,0,0,0
Throughput (Kbps),7765,12543,3067,2149,1471,1983,1724,853,691,708,1225,629,940,1126,1078,808,950,629,889,957,1065,943,1095

IP,10.0.0.34
Attribute,HIGH
initTime,2023-04-13 14:09:34.391396
endTime,2023-04-13 14:11:49.690759
liveTime(sec),135.299363
startupDelay,385
Total stalling Event,0
player width,1280
player height,720
time,19.396,24.720,29.913,35.338,40.768,44.807,49.873,54.848,59.829,64.794,69.930,74.857,79.907,84.820,89.973,94.877,100.064,105.349,110.301,115.187,120.039,124.709,129.616,134.559,139.591
elapsed,0.000,5.324,10.517,15.942,21.372,25.411,30.477,35.452,40.433,45.398,50.534,55.461,60.511,65.424,70.577,75.481,80.668,85.953,90.905,95.791,100.643,105.313,110.220,115.163,120.195
bitrate,400,400,400,400,400,400,400,400,400,2000,2000,1401,800,800,800,800,400,400,400,400,400,400,400,400,400
framerate,29.97,29.97,29.97,29.97,29.97,29.97,29.97,29.97,29.97,29.97,29.97,29.97,29.97,29.97,29.97,29.97,29.97,29.97,29.97,29.97,29.97,29.97,29.97,29.97,29.97
bufferLevel,29.614,18.458,26.932,15.119,23.223,31.941,20.416,29.3,16.959,16.533,5.01,29.8,29.873,28.545,29.294,29.081,29.279,30.908,33.255,29.102,29.46,29.912,31.191,30.915,31.247
GMSD,0,0,0.92598,0,0.84258,0,0.86411,0,0.84974,0,0.94497,0,0.96464,0,0.88415,0,0.95881,0,0.95117,0,0.81361,0,0.86862,0,0.91124
bitrateSwitch,0,0,0,0,0,0,0,0,0,1,0,1,1,0,0,0,1,0,0,0,0,0,0,0,0
stalling,0,0,0,0,0,0,0,0,0,0,0,0,0,0,0,0,0,0,0,0,0,0,0,0,0
stallingTime (sec),0,0,0,0,0,0,0,0,0,0,0,0,0,0,0,0,0,0,0,0,0,0,0,0,0
Throughput (Kbps),4456,0,1529,0,1816,1324,0,1681,0,5898,3852,8836,3112,2126,1953,1970,1060,985,1254,955,702,943,1095,913,935

IP,10.0.0.8
Attribute,HIGH
initTime,2023-04-13 14:09:34.553344
endTime,2023-04-13 14:11:49.690761
liveTime(sec),135.137417
startupDelay,506
Total stalling Event,0
player width,1280
player height,720
time,19.554,24.656,29.950,35.241,40.837,45.063,50.262,54.993,60.156,64.998,70.300,75.233,80.118,85.053,90.166,95.065,100.167,105.444,110.548,115.244,120.278,124.826,129.773,134.686
elapsed,0.000,5.102,10.396,15.687,21.283,25.509,30.708,35.439,40.602,45.444,50.746,55.679,60.564,65.499,70.612,75.511,80.613,85.890,90.994,95.690,100.724,105.272,110.219,115.132
bitrate,400,400,400,400,400,400,400,400,400,400,400,400,400,400,400,400,400,400,400,400,400,400,400,400
framerate,29.97,29.97,29.97,29.97,29.97,29.97,29.97,29.97,29.97,29.97,29.97,29.97,29.97,29.97,29.97,29.97,29.97,29.97,29.97,29.97,29.97,29.97,29.97,29.97
bufferLevel,30.123,18.814,27.371,16.208,20.229,27.436,14.944,23.078,31.133,19.185,27.703,16.541,24.492,11.953,24.07,31.516,19.978,28.222,16.894,24.229,12.846,20.511,28.948,17.285
GMSD,0,0,0.89866,0,0.89348,0,0.86681,0,0.84960,0,0.88062,0,0.90633,0,0.79494,0,0.94391,0,0.87968,0,0.82516,0,0.94567,0
bitrateSwitch,0,0,0,0,0,0,0,0,0,0,0,0,0,0,0,0,0,0,0,0,0,0,0,0
stalling,0,0,0,0,0,0,0,0,0,0,0,0,0,0,0,0,0,0,0,0,0,0,0,0
stallingTime (sec),0,0,0,0,0,0,0,0,0,0,0,0,0,0,0,0,0,0,0,0,0,0,0,0
Throughput (Kbps),6015,0,1529,0,1499,1337,0,1740,1197,0,1363,0,1568,0,2002,1581,0,1579,0,1598,0,1663,1689,0

IP,10.0.0.11
Attribute,HIGH
initTime,2023-04-13 14:09:37.139666
endTime,2023-04-13 14:11:49.690764
liveTime(sec),132.551098
startupDelay,1272
Total stalling Event,0
player width,1280
player height,720
time,21.402,26.399,32.350,38.535,42.341,46.940,51.700,56.992,61.592,66.936,71.710,76.876,81.793,86.837,91.734,96.770,101.759,107.478,112.284,117.214,121.695,126.590,131.567
elapsed,0.000,4.997,10.948,17.133,20.939,25.538,30.298,35.590,40.190,45.534,50.308,55.474,60.391,65.435,70.332,75.368,80.357,86.076,90.882,95.812,100.293,105.188,110.165
bitrate,400,400,400,400,800,400,400,400,400,400,400,400,400,400,400,400,400,400,400,400,400,400,400
framerate,29.97,29.97,29.97,29.97,29.97,29.97,29.97,29.97,29.97,29.97,29.97,29.97,29.97,29.97,29.97,29.97,29.97,29.97,29.97,29.97,29.97,29.97,29.97
bufferLevel,30.697,19.702,28.998,16.472,29.18,29.933,30.143,31.12,31.323,31.969,32.561,28.812,30.138,30.527,30.693,31.494,32.324,28.681,32.706,29.418,33.398,30.806,30.489
GMSD,0,0,0.78264,0,0.88700,0,0.92477,0,0.94531,0,0.86666,0,0.94093,0,0.92235,0,0.93893,0,0.86652,0,0.89090,0,0.88011
bitrateSwitch,0,0,0,0,1,1,0,0,0,0,0,0,0,0,0,0,0,0,0,0,0,0,0
stalling,0,0,0,0,0,0,0,0,0,0,0,0,0,0,0,0,0,0,0,0,0,0,0
stallingTime (sec),0,0,0,0,0,0,0,0,0,0,0,0,0,0,0,0,0,0,0,0,0,0,0
Throughput (Kbps),4456,0,1529,0,4642,2410,988,998,765,601,947,570,998,1046,956,1011,897,623,1201,683,1251,756,879

IP,10.0.0.17
Attribute,HIGH
initTime,2023-04-13 14:09:37.336419
endTime,2023-04-13 14:11:49.690767
liveTime(sec),132.354348
startupDelay,1397
Total stalling Event,0
player width,1280
player height,720
time,21.456,26.583,32.392,38.989,42.224,46.913,51.701,57.026,61.774,67.017,71.728,76.931,81.787,86.993,91.948,96.863,101.780,107.919,112.258,117.059
elapsed,0.000,5.127,10.936,17.533,20.768,25.457,30.245,35.570,40.318,45.561,50.272,55.475,60.331,65.537,70.492,75.407,80.324,86.463,90.802,95.603
bitrate,400,400,400,400,400,400,400,400,400,400,400,400,400,400,400,400,400,400,400,400
framerate,29.97,29.97,29.97,29.97,29.97,29.97,29.97,29.97,29.97,29.97,29.97,29.97,29.97,29.97,29.97,29.97,29.97,29.97,29.97,29.97
bufferLevel,31.326,23.909,32.289,20.524,29.425,17.857,25.433,13.859,22.392,30.003,18.326,27.471,16.146,24.753,32.049,20.825,29.18,16.639,24.933,12.876
GMSD,0,0,0.90521,0,0.87105,0,0.87073,0,0.84782,0,0.94515,0,0.91676,0,0.91587,0,0.76888,0,0.87335,0
bitrateSwitch,0,0,0,0,0,0,0,0,0,0,0,0,0,0,0,0,0,0,0,0
stalling,0,0,0,0,0,0,0,0,0,0,0,0,0,0,0,0,0,0,0,0
stallingTime (sec),0,0,0,0,0,0,0,0,0,0,0,0,0,0,0,0,0,0,0,0
Throughput (Kbps),6015,373,1531,0,1750,0,1378,0,1580,1106,0,1518,0,1568,1806,0,1533,0,1533,0

IP,10.0.0.12
Attribute,HIGH
initTime,2023-04-13 14:09:37.808124
endTime,2023-04-13 14:11:49.690769
liveTime(sec),131.882645
startupDelay,792
Total stalling Event,0
player width,1280
player height,720
time,22.685,28.406,33.178,39.403,43.408,47.972,52.980,58.106,63.022,68.025,72.989,78.117,83.004,88.076,93.020,97.978,103.085,108.339,113.210,118.410,123.037,127.887,132.922
elapsed,0.000,5.721,10.493,16.718,20.723,25.287,30.295,35.421,40.337,45.340,50.304,55.432,60.319,65.391,70.335,75.293,80.400,85.654,90.525,95.725,100.352,105.202,110.237
bitrate,400,400,400,400,400,400,400,400,400,400,400,400,400,400,400,400,400,400,400,400,400,400,400
framerate,29.97,29.97,29.97,29.97,29.97,29.97,29.97,29.97,29.97,29.97,29.97,29.97,29.97,29.97,29.97,29.97,29.97,29.97,29.97,29.97,29.97,29.97,29.97
bufferLevel,31.17,19.419,27.842,16.916,21.454,29.448,18.089,26.858,15.253,24.174,12.04,21.26,29.524,18.257,26.563,16.45,24.141,24.27,20.794,28.84,17.102,22.608,30.161
GMSD,0,0,0.87971,0,0.81587,0,0.92379,0,0.86156,0,0.87408,0,0.90599,0,0.93127,0,0.88751,0,0.88488,0,0.89855,0,0.85647
bitrateSwitch,0,0,0,0,0,0,0,0,0,0,0,0,0,0,0,0,0,0,0,0,0,0,0
stalling,0,0,0,0,0,0,0,0,0,0,0,0,0,0,0,0,0,0,0,0,0,0,0
stallingTime (sec),0,0,0,0,0,0,0,0,0,0,0,0,0,0,0,0,0,0,0,0,0,0,0
Throughput (Kbps),6015,0,1529,0,1499,1337,0,1740,0,1197,0,1363,1568,0,1697,0,1665,814,647,1593,0,1251,1635

IP,10.0.0.18
Attribute,HIGH
initTime,2023-04-13 14:09:37.994112
endTime,2023-04-13 14:11:49.690772
liveTime(sec),131.69666
startupDelay,963
Total stalling Event,0
player width,1280
player height,720
time,22.574,28.280,33.289,39.170,43.128,48.090,53.095,58.080,63.060,68.314,73.203,78.325,83.091,88.240,93.397,98.134,103.085,108.748,113.255,118.403
elapsed,0.000,5.706,10.715,16.596,20.554,25.516,30.521,35.506,40.486,45.740,50.629,55.751,60.517,65.666,70.823,75.560,80.511,86.174,90.681,95.829
bitrate,2000,1401,1401,800,800,800,400,400,400,400,400,400,400,400,400,400,400,400,400,400
framerate,29.97,29.97,29.97,29.97,29.97,29.97,29.97,29.97,29.97,29.97,29.97,29.97,29.97,29.97,29.97,29.97,29.97,29.97,29.97,29.97
bufferLevel,6.687,32.306,31.648,31.635,31.867,28.476,32.513,32.941,28.751,33.187,29.49,30.232,31.181,31.008,31.555,31.853,31.606,31.596,31.482,32.433
GMSD,0,0,0.98453,0,0.90946,0,0.97110,0,0.95792,0,0.86344,0,0.93629,0,0.89263,0,0.85973,0,0.92581,0
bitrateSwitch,0,1,0,1,0,0,1,0,0,0,0,0,0,0,0,0,0,0,0,0
stalling,0,0,0,0,0,0,0,0,0,0,0,0,0,0,0,0,0,0,0,0
stallingTime (sec),0,0,0,0,0,0,0,0,0,0,0,0,0,0,0,0,0,0,0,0
Throughput (Kbps),7765,12543,3067,2149,1471,1373,2334,853,505,894,655,866,1010,1033,1035,986,814,985,889,957

IP,10.0.0.13
Attribute,HIGH
initTime,2023-04-13 14:09:38.338449
endTime,2023-04-13 14:11:49.690774
liveTime(sec),131.352325
startupDelay,1101
Total stalling Event,0
player width,1280
player height,720
time,22.668,28.332,33.224,39.178,43.317,47.953,52.923,57.889,62.915,67.966,72.901,78.101,82.907,88.007,92.991,98.375,102.889,108.290,113.200,118.403,122.850
elapsed,0.000,5.664,10.556,16.510,20.649,25.285,30.255,35.221,40.247,45.298,50.233,55.433,60.239,65.339,70.323,75.707,80.221,85.622,90.532,95.735,100.182
bitrate,400,400,400,400,400,400,400,400,400,400,400,400,400,400,400,400,400,400,400,400,400
framerate,29.97,29.97,29.97,29.97,29.97,29.97,29.97,29.97,29.97,29.97,29.97,29.97,29.97,29.97,29.97,29.97,29.97,29.97,29.97,29.97,29.97
bufferLevel,30.254,18.54,27.102,15.599,24.465,20.081,21.438,29.226,17.14,25.912,13.642,22.29,26.89,15.19,23.771,12.482,20.695,29.111,17.42,26.643,14.742
GMSD,0,0,0.79078,0,0.82581,0,0.86774,0,0.84954,0,0.90867,0,0.91107,0,0.92164,0,0.80971,0,0.94306,0,0.85860
bitrateSwitch,0,0,0,0,0,0,0,0,0,0,0,0,0,0,0,0,0,0,0,0,0
stalling,0,0,0,0,0,0,0,0,0,0,0,0,0,0,0,0,0,0,0,0,0
stallingTime (sec),0,0,0,0,0,0,0,0,0,0,0,0,0,0,0,0,0,0,0,0,0
Throughput (Kbps),6015,0,1529,0,1816,405,919,1681,0,1122,0,1487,1273,0,1697,0,1665,1461,0,1593,0

IP,10.0.0.14
Attribute,HIGH
initTime,2023-04-13 14:09:38.934852
endTime,2023-04-13 14:11:49.690777
liveTime(sec),130.755925
startupDelay,808
Total stalling Event,0
player width,1280
player height,720
time,23.802,29.277,34.485,40.263,44.255,49.193,54.066,59.182,64.090,69.200,74.167,79.188,84.125,89.223,94.294,99.220,104.166,109.631,114.203,120.108,124.065
elapsed,0.000,5.475,10.683,16.461,20.453,25.391,30.264,35.380,40.288,45.398,50.365,55.386,60.323,65.421,70.492,75.418,80.364,85.829,90.401,96.306,100.263
bitrate,400,400,400,400,400,400,400,400,400,400,400,400,400,400,400,400,400,400,400,400,400
framerate,29.97,29.97,29.97,29.97,29.97,29.97,29.97,29.97,29.97,29.97,29.97,29.97,29.97,29.97,29.97,29.97,29.97,29.97,29.97,29.97,29.97
bufferLevel,29.438,22.055,30.581,19.299,27.589,17.387,24.212,12.24,20.482,29.042,17.017,25.778,14.705,23.132,31.362,19.74,28.178,16.631,25.234,14.254,22.287
GMSD,0,0,0.81990,0,0.91711,0,0.86724,0,0.84768,0,0.94512,0,0.92319,0,0.89959,0,0.81667,0,0.86538,0,0.86621
bitrateSwitch,0,0,0,0,0,0,0,0,0,0,0,0,0,0,0,0,0,0,0,0,0
stalling,0,0,0,0,0,0,0,0,0,0,0,0,0,0,0,0,0,0,0,0,0
stallingTime (sec),0,0,0,0,0,0,0,0,0,0,0,0,0,0,0,0,0,0,0,0,0
Throughput (Kbps),4456,373,1531,0,1750,0,1378,0,1580,1106,0,1518,0,1568,1806,0,1533,0,1533,0,1565

IP,10.0.0.27
Attribute,HIGH
initTime,2023-04-13 14:09:41.999721
endTime,2023-04-13 14:11:49.690780
liveTime(sec),127.691059
startupDelay,1198
Total stalling Event,0
player width,1280
player height,720
time,26.237,32.280,38.623,42.509,46.602,51.478,56.608,61.536,66.550,71.543,76.711,81.550,86.816,91.555,96.708,101.497,107.244,111.738,116.936,121.488,126.438
elapsed,0.000,6.043,12.386,16.272,20.365,25.241,30.371,35.299,40.313,45.306,50.474,55.313,60.579,65.318,70.471,75.260,81.007,85.501,90.699,95.251,100.201
bitrate,400,400,400,400,400,400,400,400,400,400,400,400,400,400,400,400,400,400,400,400,400
framerate,29.97,29.97,29.97,29.97,29.97,29.97,29.97,29.97,29.97,29.97,29.97,29.97,29.97,29.97,29.97,29.97,29.97,29.97,29.97,29.97,29.97
bufferLevel,31.621,19.955,28.428,16.45,24.17,32.686,21.107,28.663,17.495,24.629,21.023,21.581,29.379,18.302,25.608,14.108,25.34,13.457,21.436,25.781,14.692
GMSD,0,0,0.79479,0,0.82650,0,0.87010,0,0.84980,0,0.95237,0,0.89112,0,0.89303,0,0.88103,0,0.86605,0,0.81517
bitrateSwitch,0,0,0,0,0,0,0,0,0,0,0,0,0,0,0,0,0,0,0,0,0
stalling,0,0,0,0,0,0,0,0,0,0,0,0,0,0,0,0,0,0,0,0,0
stallingTime (sec),0,0,0,0,0,0,0,0,0,0,0,0,0,0,0,0,0,0,0,0,0
Throughput (Kbps),6015,0,1529,0,1816,1324,0,1681,0,1122,822,665,1581,0,1693,0,1908,0,1533,1317,0

IP,10.0.0.47
Attribute,HIGH
initTime,2023-04-13 14:09:42.522759
endTime,2023-04-13 14:11:49.690782
liveTime(sec),127.168023
startupDelay,1401
Total stalling Event,0
player width,1280
player height,720
time,26.961,32.409,38.856,42.664,47.166,52.134,57.301,62.117,67.307,72.192,77.340,82.131,87.435,92.169,97.335,102.153,107.888,112.409,117.523,122.163
elapsed,0.000,5.448,11.895,15.703,20.205,25.173,30.340,35.156,40.346,45.231,50.379,55.170,60.474,65.208,70.374,75.192,80.927,85.448,90.562,95.202
bitrate,2000,1401,1401,800,800,800,800,400,400,400,400,400,400,400,400,400,400,400,400,400
framerate,29.97,29.97,29.97,29.97,29.97,29.97,29.97,29.97,29.97,29.97,29.97,29.97,29.97,29.97,29.97,29.97,29.97,29.97,29.97,29.97
bufferLevel,7.079,31.482,31.764,32.736,32.021,32.611,28.495,33.049,28.787,29.375,30.04,30.267,30.615,31.273,31.343,32.298,33.273,33.052,32.969,29.061
GMSD,0,0,0.90155,0,0.89765,0,0.94832,0,0.93986,0,0.94574,0,0.92863,0,0.84757,0,0.79364,0,0.86672,0
bitrateSwitch,0,1,0,1,0,0,0,1,0,0,0,0,0,0,0,0,0,0,0,0
stalling,0,0,0,0,0,0,0,0,0,0,0,0,0,0,0,0,0,0,0,0
stallingTime (sec),0,0,0,0,0,0,0,0,0,0,0,0,0,0,0,0,0,0,0,0
Throughput (Kbps),7765,12543,3067,2149,1471,1983,1318,1260,505,601,947,866,1010,1033,1035,986,814,985,889,709

IP,10.0.0.28
Attribute,HIGH
initTime,2023-04-13 14:09:42.785506
endTime,2023-04-13 14:11:49.690801
liveTime(sec),126.905295
startupDelay,393
Total stalling Event,0
player width,1280
player height,720
time,28.485,33.296,39.423,43.429,48.006,53.033,58.044,63.076,68.151,73.032,78.181,83.096,88.190,93.090,98.293,103.075,108.256,113.320,118.289,123.047,127.920
elapsed,0.000,4.811,10.938,14.944,19.521,24.548,29.559,34.591,39.666,44.547,49.696,54.611,59.705,64.605,69.808,74.590,79.771,84.835,89.804,94.562,99.435
bitrate,400,400,400,400,400,400,400,400,400,400,400,400,400,400,400,400,400,400,400,400,400
framerate,29.97,29.97,29.97,29.97,29.97,29.97,29.97,29.97,29.97,29.97,29.97,29.97,29.97,29.97,29.97,29.97,29.97,29.97,29.97,29.97,29.97
bufferLevel,29.815,18.224,26.618,14.841,22.219,31.134,19.031,26.585,15.429,22.992,31.497,20.246,27.939,16.826,24.124,15.651,19.792,28.088,15.977,24.125,32.818
GMSD,0,0,0.93092,0,0.89626,0,0.86514,0,0.84864,0,0.95050,0,0.90486,0,0.91748,0,0.89154,0,0.86605,0,0.95023
bitrateSwitch,0,0,0,0,0,0,0,0,0,0,0,0,0,0,0,0,0,0,0,0,0
stalling,0,0,0,0,0,0,0,0,0,0,0,0,0,0,0,0,0,0,0,0,0
stallingTime (sec),0,0,0,0,0,0,0,0,0,0,0,0,0,0,0,0,0,0,0,0,0
Throughput (Kbps),4456,0,1529,0,1816,1324,0,1681,0,1122,1487,0,1581,0,1693,773,808,1579,0,1598,1663

IP,10.0.0.48
Attribute,HIGH
initTime,2023-04-13 14:09:44.068816
endTime,2023-04-13 14:11:49.690804
liveTime(sec),125.621988
startupDelay,775
Total stalling Event,0
player width,1280
player height,720
time,29.326,34.646,40.162,44.285,49.101,54.224,59.452,64.137,69.203,74.290,79.211,84.197,89.235,94.221,99.099,104.175,109.401,114.248,119.724,124.152
elapsed,0.000,5.320,10.836,14.959,19.775,24.898,30.126,34.811,39.877,44.964,49.885,54.871,59.909,64.895,69.773,74.849,80.075,84.922,90.398,94.826
bitrate,2000,1401,1401,800,800,800,400,400,400,400,400,400,400,400,400,400,400,400,400,400
framerate,29.97,29.97,29.97,29.97,29.97,29.97,29.97,29.97,29.97,29.97,29.97,29.97,29.97,29.97,29.97,29.97,29.97,29.97,29.97,29.97
bufferLevel,6.339,30.802,30.577,31.499,31.212,31.733,31.489,31.922,31.766,32.653,28.642,29.304,29.585,30.271,30.311,31.029,31.876,31.894,32.324,32.167
GMSD,0,0,0.84601,0,0.88018,0,0.95790,0,0.94560,0,0.94210,0,0.91778,0,0.91808,0,0.87823,0,0.94407,0
bitrateSwitch,0,1,0,1,0,0,1,0,0,0,0,0,0,0,0,0,0,0,0,0
stalling,0,0,0,0,0,0,0,0,0,0,0,0,0,0,0,0,0,0,0,0
stallingTime (sec),0,0,0,0,0,0,0,0,0,0,0,0,0,0,0,0,0,0,0,0
Throughput (Kbps),7765,12543,3067,2149,1471,1983,1724,853,691,708,655,866,1010,1033,1035,986,814,985,889,957

IP,10.0.0.31
Attribute,HIGH
initTime,2023-04-13 14:09:47.090005
endTime,2023-04-13 14:11:49.690807
liveTime(sec),122.600802
startupDelay,1245
Total stalling Event,0
player width,1280
player height,720
time,32.324,38.713,42.493,46.889,51.739,57.037,61.756,67.022,71.789,76.953,81.822,86.879,91.932,96.936,101.849,107.843,112.293,117.203,121.803,126.691
elapsed,0.000,6.389,10.169,14.565,19.415,24.713,29.432,34.698,39.465,44.629,49.498,54.555,59.608,64.612,69.525,75.519,79.969,84.879,89.479,94.367
bitrate,2000,1401,800,800,800,800,400,400,400,400,400,400,400,400,400,400,400,400,400,400
framerate,29.97,29.97,29.97,29.97,29.97,29.97,29.97,29.97,29.97,29.97,29.97,29.97,29.97,29.97,29.97,29.97,29.97,29.97,29.97,29.97
bufferLevel,6.559,31.527,33.497,29.777,29.921,29.506,30.919,29.513,33.241,29.52,30.053,29.416,29.616,30.52,30.801,31.288,31.993,32.489,32.78,33.562
GMSD,0,0,0.80993,0,0.85622,0,0.84802,0,0.93602,0,0.84368,0,0.89526,0,0.88791,0,0.82933,0,0.86377,0
bitrateSwitch,0,1,1,0,0,0,1,0,0,0,0,0,0,0,0,0,0,0,0,0
stalling,0,0,0,0,0,0,0,0,0,0,0,0,0,0,0,0,0,0,0,0
stallingTime (sec),0,0,0,0,0,0,0,0,0,0,0,0,0,0,0,0,0,0,0,0
Throughput (Kbps),7765,12543,3729,1487,1471,1983,1724,853,862,537,950,904,940,1126,1078,808,950,911,973,955

IP,10.0.0.32
Attribute,HIGH
initTime,2023-04-13 14:09:47.411396
endTime,2023-04-13 14:11:49.690809
liveTime(sec),122.279413
startupDelay,553
Total stalling Event,0
player width,1280
player height,720
time,32.559,39.418,43.367,47.864,52.864,57.925,62.880,68.105,73.055,77.997,82.858,88.032,92.991,97.949,102.967,108.446,113.176,118.273,122.913
elapsed,0.000,6.859,10.808,15.305,20.305,25.366,30.321,35.546,40.496,45.438,50.299,55.473,60.432,65.390,70.408,75.887,80.617,85.714,90.354
bitrate,2000,1401,800,800,800,800,400,400,400,400,400,400,400,400,400,400,400,400,400
framerate,29.97,29.97,29.97,29.97,29.97,29.97,29.97,29.97,29.97,29.97,29.97,29.97,29.97,29.97,29.97,29.97,29.97,29.97,29.97
bufferLevel,4.972,29.738,31.402,31.392,31.358,31.692,31.696,31.221,30.901,31.349,30.863,31.497,31.941,32.361,32.613,29.259,29.693,30.475,30.384
GMSD,0,0,0.78349,0,0.86585,0,0.84639,0,0.94557,0,0.83904,0,0.90463,0,0.90340,0,0.91426,0,0.86181
bitrateSwitch,0,1,1,0,0,0,1,0,0,0,0,0,0,0,0,0,0,0,0
stalling,0,0,0,0,0,0,0,0,0,0,0,0,0,0,0,0,0,0,0
stallingTime (sec),0,0,0,0,0,0,0,0,0,0,0,0,0,0,0,0,0,0,0
Throughput (Kbps),7765,12543,3729,2168,1473,1988,1382,786,582,822,940,998,1046,956,1011,570,950,911,973

IP,10.0.0.25
Attribute,HIGH
initTime,2023-04-13 14:09:48.416972
endTime,2023-04-13 14:11:49.690812
liveTime(sec),121.27384
startupDelay,992
Total stalling Event,0
player width,1280
player height,720
time,33.317,39.468,43.199,47.836,52.960,57.861,62.910,67.870,72.835,77.947,82.959,87.938,92.881,97.886,102.891,108.303,113.023,118.188
elapsed,0.000,6.151,9.882,14.519,19.643,24.544,29.593,34.553,39.518,44.630,49.642,54.621,59.564,64.569,69.574,74.986,79.706,84.871
bitrate,2000,1401,1401,800,800,800,800,400,400,400,400,400,400,400,400,400,400,400
framerate,29.97,29.97,29.97,29.97,29.97,29.97,29.97,29.97,29.97,29.97,29.97,29.97,29.97,29.97,29.97,29.97,29.97,29.97
bufferLevel,9.693,26.968,31.451,31.434,31.13,31.614,31.496,31.802,31.87,32.505,33.202,29.727,31.074,30.048,30.47,30.227,30.48,30.849
GMSD,0,0,0.80910,0,0.77830,0,0.95689,0,0.94996,0,0.95105,0,0.90732,0,0.92070,0,0.86801,0
bitrateSwitch,0,1,0,1,0,0,0,1,0,0,0,0,0,0,0,0,0,0
stalling,0,0,0,0,0,0,0,0,0,0,0,0,0,0,0,0,0,0
stallingTime (sec),0,0,0,0,0,0,0,0,0,0,0,0,0,0,0,0,0,0
Throughput (Kbps),7977,42570,4046,2617,1471,1983,2088,853,691,708,950,571,1010,1033,1035,986,814,985

IP,10.0.0.26
Attribute,HIGH
initTime,2023-04-13 14:09:49.121107
endTime,2023-04-13 14:11:49.690814
liveTime(sec),120.569707
startupDelay,921
Total stalling Event,0
player width,1280
player height,720
time,34.733,40.459,44.169,49.266,54.254,59.519,64.406,69.445,74.338,79.341,84.228,89.454,94.378,99.499,104.253,109.781,114.418,119.240
elapsed,0.000,5.726,9.436,14.533,19.521,24.786,29.673,34.712,39.605,44.608,49.495,54.721,59.645,64.766,69.520,75.048,79.685,84.507
bitrate,400,400,400,400,400,400,400,400,400,400,400,400,400,400,400,400,400,400
framerate,29.97,29.97,29.97,29.97,29.97,29.97,29.97,29.97,29.97,29.97,29.97,29.97,29.97,29.97,29.97,29.97,29.97,29.97
bufferLevel,30.345,18.646,26.764,16.329,23.255,32.432,19.427,27.882,15.897,24.805,33.159,22.053,26.216,13.964,23.195,29.859,18.012,26.723
GMSD,0,0,0.92031,0,0.91306,0,0.86575,0,0.84762,0,0.93507,0,0.93316,0,0.81660,0,0.86039,0
bitrateSwitch,0,0,0,0,0,0,0,0,0,0,0,0,0,0,0,0,0,0
stalling,0,0,0,0,0,0,0,0,0,0,0,0,0,0,0,0,0,0
stallingTime (sec),0,0,0,0,0,0,0,0,0,0,0,0,0,0,0,0,0,0
Throughput (Kbps),4456,0,1529,0,1816,1324,0,1681,0,1122,1487,0,1273,0,1697,1665,0,1461

IP,10.0.0.15
Attribute,HIGH
initTime,2023-04-13 14:09:49.598836
endTime,2023-04-13 14:11:49.690817
liveTime(sec),120.091981
startupDelay,1290
Total stalling Event,0
player width,1280
player height,720
time,34.483,40.082,44.094,48.893,53.933,58.964,63.941,69.006,74.002,78.982,83.979,89.160,93.955,99.028,104.049,109.326,114.070,119.168
elapsed,0.000,5.599,9.611,14.410,19.450,24.481,29.458,34.523,39.519,44.499,49.496,54.677,59.472,64.545,69.566,74.843,79.587,84.685
bitrate,2000,1401,1401,800,800,800,400,400,400,400,400,400,400,400,400,400,400,400
framerate,29.97,29.97,29.97,29.97,29.97,29.97,29.97,29.97,29.97,29.97,29.97,29.97,29.97,29.97,29.97,29.97,29.97,29.97
bufferLevel,6.751,29.747,30.374,29.419,32.953,29.92,30.59,33.625,29.948,30.172,30.144,30.543,30.497,30.129,31.143,30.887,31.283,31.574
GMSD,0,0,0.73671,0,0.98583,0,0.85850,0,0.92598,0,0.83810,0,0.87826,0,0.94420,0,0.90899,0
bitrateSwitch,0,1,0,1,0,0,1,0,0,0,0,0,0,0,0,0,0,0
stalling,0,0,0,0,0,0,0,0,0,0,0,0,0,0,0,0,0,0
stallingTime (sec),0,0,0,0,0,0,0,0,0,0,0,0,0,0,0,0,0,0
Throughput (Kbps),7765,12543,3067,2149,2154,1300,1724,1133,411,708,950,904,940,1126,1078,808,950,911

IP,10.0.0.9
Attribute,HIGH
initTime,2023-04-13 14:09:50.116153
endTime,2023-04-13 14:11:49.690819
liveTime(sec),119.574666
startupDelay,1361
Total stalling Event,1
player width,1280
player height,720
time,34.531,40.534,44.688,49.410,54.335,59.452,64.456,69.515,74.601,79.404,84.304,89.398,104.814,105.068,107.923,110.106,114.445,119.573,124.184
elapsed,0.000,6.003,10.157,14.879,19.804,24.921,29.925,34.984,40.070,44.873,49.773,54.867,70.283,70.537,73.392,75.575,79.914,85.042,89.653
bitrate,400,400,400,400,400,400,400,400,400,400,400,400,400,400,400,400,400,400,400
framerate,29.97,29.97,29.97,29.97,29.97,29.97,29.97,29.97,29.97,29.97,29.97,29.97,29.97,29.97,29.97,29.97,29.97,29.97,29.97
bufferLevel,32.715,20.087,28.261,18.535,24.719,21.025,21.298,21.552,25.862,21.929,19.015,22.863,12.524,4.275,0.091,21.435,29.21,17.436,26.282
GMSD,0,0,0.77788,0,0.84704,0,0.87106,0,0.84898,0,0.90034,0,0,0,0.90398,0.93305,0.85600,0,0.87137
bitrateSwitch,0,0,0,0,0,0,0,0,0,0,0,0,0,0,0,0,0,0,0
stalling,0,0,0,0,0,0,0,0,0,0,0,0,0,0,1,0,0,0,0
stallingTime (sec),0,0,0,0,0,0,0,0,0,0,0,0,0,0,1,1,1,1,1
Throughput (Kbps),4456,0,1529,0,1816,405,919,1089,1133,411,415,1243,0,0,0,2614,1671,0,1519

IP,10.0.0.10
Attribute,HIGH
initTime,2023-04-13 14:09:50.504205
endTime,2023-04-13 14:11:49.690822
liveTime(sec),119.186617
startupDelay,836
Total stalling Event,0
player width,1280
player height,720
time,36.537,41.731,45.727,50.804,56.288,60.676,65.893,70.764,76.010,80.723,85.899,94.104,98.854,106.373,107.312,111.135,115.753,120.719,125.733
elapsed,0.000,5.194,9.190,14.267,19.751,24.139,29.356,34.227,39.473,44.186,49.362,57.567,62.317,69.836,70.775,74.598,79.216,84.182,89.196
bitrate,2000,1401,1401,800,800,800,400,400,400,400,400,400,400,400,400,400,400,400,400
framerate,29.97,29.97,29.97,29.97,29.97,29.97,29.97,29.97,29.97,29.97,29.97,29.97,29.97,29.97,29.97,29.97,29.97,29.97,29.97
bufferLevel,6.953,30.681,30.138,30.115,30.262,30.007,31.573,31.976,30.849,31.673,32.356,28.846,22.898,14.143,30.123,29.696,29.735,30.121,30.485
GMSD,0,0,0.80669,0,0.75118,0,0.95230,0,0.89276,0,0.90676,0,0,0,0.90769,0.91148,0.85535,0,0.90982
bitrateSwitch,0,1,0,1,0,0,1,0,0,0,0,0,0,0,0,0,0,0,0
stalling,0,0,0,0,0,0,0,0,0,0,0,0,0,0,0,0,0,0,0
stallingTime (sec),0,0,0,0,0,0,0,0,0,0,0,0,0,0,0,0,0,0,0
Throughput (Kbps),8174,12543,3067,2149,1471,1983,1723,853,691,708,950,571,332,0,2066,1078,808,950,911

IP,10.0.0.16
Attribute,HIGH
initTime,2023-04-13 14:09:50.900883
endTime,2023-04-13 14:11:49.690824
liveTime(sec),118.789941
startupDelay,853
Total stalling Event,0
player width,1280
player height,720
time,35.877,41.733,45.324,50.419,55.358,60.549,65.500,70.506,75.576,80.485,85.529,90.653,95.567,100.453,105.889,110.940,115.691,120.593
elapsed,0.000,5.856,9.447,14.542,19.481,24.672,29.623,34.629,39.699,44.608,49.652,54.776,59.690,64.576,70.012,75.063,79.814,84.716
bitrate,2000,1401,1401,800,800,800,400,400,400,400,400,400,400,400,400,400,400,400
framerate,29.97,29.97,29.97,29.97,29.97,29.97,29.97,29.97,29.97,29.97,29.97,29.97,29.97,29.97,29.97,29.97,29.97,29.97
bufferLevel,10.256,24.912,29.373,32.995,32.209,28.524,29.143,28.832,29.614,29.576,28.897,29.433,29.186,29.614,30.019,29.773,30.294,30.65
GMSD,0,0,0.83367,0,0.87356,0,0.85811,0,0.94015,0,0.86983,0,0.86808,0,0.87334,0,0.90897,0
bitrateSwitch,0,1,0,1,0,0,1,0,0,0,0,0,0,0,0,0,0,0
stalling,0,0,0,0,0,0,0,0,0,0,0,0,0,0,0,0,0,0
stallingTime (sec),0,0,0,0,0,0,0,0,0,0,0,0,0,0,0,0,0,0
Throughput (Kbps),7977,34441,5175,2169,1473,1300,2088,853,691,708,950,904,940,1126,1078,808,950,911

IP,10.0.0.29
Attribute,HIGH
initTime,2023-04-13 14:09:51.307853
endTime,2023-04-13 14:11:49.690827
liveTime(sec),118.382974
startupDelay,1307
Total stalling Event,0
player width,1280
player height,720
time,35.565,40.923,45.188,50.230,55.065,60.210,65.301,70.356,75.181,80.293,85.139,90.290,95.256,100.357,105.705,110.605,115.345
elapsed,0.000,5.358,9.623,14.665,19.500,24.645,29.736,34.791,39.616,44.728,49.574,54.725,59.691,64.792,70.140,75.040,79.780
bitrate,2000,2000,1401,1401,800,800,800,800,400,400,400,400,400,400,400,400,400
framerate,29.97,29.97,29.97,29.97,29.97,29.97,29.97,29.97,29.97,29.97,29.97,29.97,29.97,29.97,29.97,29.97,29.97
bufferLevel,22.81,11.419,32.876,32.428,32.383,28.794,29.017,29.224,33.007,29.69,29.742,33.035,33.026,33.29,33.668,30.236,30.254
GMSD,0,0,0.79956,0,0.81590,0,0.96166,0,0.95190,0,0.90514,0,0.91263,0,0.80896,0,0.86499
bitrateSwitch,0,0,1,0,1,0,0,0,1,0,0,0,0,0,0,0,0
stalling,0,0,0,0,0,0,0,0,0,0,0,0,0,0,0,0,0
stallingTime (sec),0,0,0,0,0,0,0,0,0,0,0,0,0,0,0,0,0
Throughput (Kbps),7450,23951,13827,3692,1473,1373,1927,2029,951,415,947,1199,940,1126,1078,587,814

IP,10.0.0.30
Attribute,HIGH
initTime,2023-04-13 14:09:51.643230
endTime,2023-04-13 14:11:49.690830
liveTime(sec),118.0476
startupDelay,766
Total stalling Event,0
player width,1280
player height,720
time,37.962,42.314,46.277,51.365,56.390,61.290,66.452,71.314,76.460,81.312,86.602,91.328,96.491,101.396,107.974,111.908,116.635
elapsed,0.000,4.352,8.315,13.403,18.428,23.328,28.490,33.352,38.498,43.350,48.640,53.366,58.529,63.434,70.012,73.946,78.673
bitrate,400,400,400,400,400,400,400,400,400,400,400,400,400,400,400,400,400
framerate,29.97,29.97,29.97,29.97,29.97,29.97,29.97,29.97,29.97,29.97,29.97,29.97,29.97,29.97,29.97,29.97,29.97
bufferLevel,30.708,23.627,31.736,19.604,26.963,15.979,23.705,31.987,19.772,27.931,16.524,23.635,18.976,23.887,32.479,20.699,28.823
GMSD,0,0,0.90710,0,0.87763,0,0.87006,0,0.84942,0,0.89754,0,0.91267,0,0.80860,0,0.86761
bitrateSwitch,0,0,0,0,0,0,0,0,0,0,0,0,0,0,0,0,0
stalling,0,0,0,0,0,0,0,0,0,0,0,0,0,0,0,0,0
stallingTime (sec),0,0,0,0,0,0,0,0,0,0,0,0,0,0,0,0,0
Throughput (Kbps),4456,373,1531,0,1750,0,1378,1580,0,1106,0,1518,629,1415,1729,0,1401

IP,10.0.0.21
Attribute,HIGH
initTime,2023-04-13 14:09:52.457154
endTime,2023-04-13 14:11:49.690840
liveTime(sec),117.233686
startupDelay,1367
Total stalling Event,0
player width,1280
player height,720
time,38.473,42.724,46.932,51.848,57.062,61.921,67.023,71.906,77.086,81.890,87.140,91.935,97.117,101.922,108.134,112.342,117.350,121.940
elapsed,0.000,4.251,8.459,13.375,18.589,23.448,28.550,33.433,38.613,43.417,48.667,53.462,58.644,63.449,69.661,73.869,78.877,83.467
bitrate,400,400,400,400,400,400,400,400,400,400,400,400,400,400,400,400,400,400
framerate,29.97,29.97,29.97,29.97,29.97,29.97,29.97,29.97,29.97,29.97,29.97,29.97,29.97,29.97,29.97,29.97,29.97,29.97
bufferLevel,31.308,20.472,29.112,16.362,24.567,12.93,20.944,29.095,16.88,24.89,13.888,21.818,29.797,18.428,25.482,14.081,22.961,30.634
GMSD,0,0,0.88698,0,0.91370,0,0.87053,0,0.84956,0,0.88709,0,0.90512,0,0.87544,0,0.86639,0
bitrateSwitch,0,0,0,0,0,0,0,0,0,0,0,0,0,0,0,0,0,0
stalling,0,0,0,0,0,0,0,0,0,0,0,0,0,0,0,0,0,0
stallingTime (sec),0,0,0,0,0,0,0,0,0,0,0,0,0,0,0,0,0,0
Throughput (Kbps),6015,0,1529,0,1816,0,1324,1681,0,1122,0,1487,1581,0,1693,0,1581,1579

IP,10.0.0.45
Attribute,HIGH
initTime,2023-04-13 14:09:52.815642
endTime,2023-04-13 14:11:49.690842
liveTime(sec),116.8752
startupDelay,733
Total stalling Event,0
player width,1280
player height,720
time,38.826,43.011,47.768,52.721,57.824,62.731,67.779,72.731,77.789,82.717,87.760,92.780,97.792,102.737,108.414,112.962,117.939,122.775
elapsed,0.000,4.185,8.942,13.895,18.998,23.905,28.953,33.905,38.963,43.891,48.934,53.954,58.966,63.911,69.588,74.136,79.113,83.949
bitrate,2000,1401,1401,800,800,800,400,400,400,400,400,400,400,400,400,400,400,400
framerate,29.97,29.97,29.97,29.97,29.97,29.97,29.97,29.97,29.97,29.97,29.97,29.97,29.97,29.97,29.97,29.97,29.97,29.97
bufferLevel,5.982,30.656,31.292,31.158,31.32,31.464,32.067,32.75,32.375,33.209,29.956,29.354,32.996,29.414,29.921,30.468,30.347,31.242
GMSD,0,0,0.81026,0,0.85835,0,0.93184,0,0.94341,0,0.93722,0,0.90868,0,0.90222,0,0.85981,0
bitrateSwitch,0,1,0,1,0,0,1,0,0,0,0,0,0,0,0,0,0,0
stalling,0,0,0,0,0,0,0,0,0,0,0,0,0,0,0,0,0,0
stallingTime (sec),0,0,0,0,0,0,0,0,0,0,0,0,0,0,0,0,0,0
Throughput (Kbps),7765,12543,3067,2149,1471,1983,1724,853,691,708,655,866,1272,771,1035,986,814,985

IP,10.0.0.22
Attribute,HIGH
initTime,2023-04-13 14:09:53.470503
endTime,2023-04-13 14:11:49.690845
liveTime(sec),116.220342
startupDelay,887
Total stalling Event,0
player width,1280
player height,720
time,39.674,43.592,48.447,53.332,58.539,63.297,68.664,73.345,78.614,83.344,88.542,93.435,98.406,103.338,109.051,113.489,118.699,123.286
elapsed,0.000,3.918,8.773,13.658,18.865,23.623,28.990,33.671,38.940,43.670,48.868,53.761,58.732,63.664,69.377,73.815,79.025,83.612
bitrate,1401,2000,2000,1401,800,800,800,400,400,400,400,400,400,400,400,400,400,400
framerate,29.97,29.97,29.97,29.97,29.97,29.97,29.97,29.97,29.97,29.97,29.97,29.97,29.97,29.97,29.97,29.97,29.97,29.97
bufferLevel,31.1,19.925,7.239,31.762,32.202,32.468,32.645,32.312,32.478,33.039,33.372,29.049,29.434,30.101,29.429,29.466,29.565,30.289
GMSD,0,0,0.70317,0,0.92001,0,0.93135,0,0.94697,0,0.91396,0,0.90732,0,0.92366,0,0.86639,0
bitrateSwitch,0,1,0,1,1,0,0,1,0,0,0,0,0,0,0,0,0,0
stalling,0,0,0,0,0,0,0,0,0,0,0,0,0,0,0,0,0,0
stallingTime (sec),0,0,0,0,0,0,0,0,0,0,0,0,0,0,0,0,0,0
Throughput (Kbps),12921,31858,6744,12081,1473,1983,2088,1519,691,708,950,571,1010,1033,1035,986,814,985

IP,10.0.0.46
Attribute,HIGH
initTime,2023-04-13 14:09:54.332632
endTime,2023-04-13 14:11:49.690848
liveTime(sec),115.358216
startupDelay,338
Total stalling Event,0
player width,1280
player height,720
time,40.625,44.745,49.775,54.717,59.882,64.680,69.906,74.798,79.838,84.797,89.874,94.743,100.069,105.120,110.420,115.083,119.925,124.651
elapsed,0.000,4.120,9.150,14.092,19.257,24.055,29.281,34.173,39.213,44.172,49.249,54.118,59.444,64.495,69.795,74.458,79.300,84.026
bitrate,2000,1401,1401,800,800,800,400,400,400,400,400,400,400,400,400,400,400,400
framerate,29.97,29.97,29.97,29.97,29.97,29.97,29.97,29.97,29.97,29.97,29.97,29.97,29.97,29.97,29.97,29.97,29.97,29.97
bufferLevel,4.775,29.936,30.029,30.741,30.764,30.677,31.282,31.883,31.791,32.845,32.738,32.789,32.412,32.305,32.737,29.312,29.927,31.012
GMSD,0,0,0.98152,0,0.82093,0,0.95235,0,0.94593,0,0.92958,0,0.91813,0,0.88768,0,0.86132,0
bitrateSwitch,0,1,0,1,0,0,1,0,0,0,0,0,0,0,0,0,0,0
stalling,0,0,0,0,0,0,0,0,0,0,0,0,0,0,0,0,0,0
stallingTime (sec),0,0,0,0,0,0,0,0,0,0,0,0,0,0,0,0,0,0
Throughput (Kbps),7765,12543,3067,2149,1471,1983,1724,853,691,708,950,904,940,1126,1078,587,814,985

IP,10.0.0.5
Attribute,HIGH
initTime,2023-04-13 14:09:54.868413
endTime,2023-04-13 14:11:49.690851
liveTime(sec),114.822438
startupDelay,1044
Total stalling Event,0
player width,1280
player height,720
time,40.437,44.649,49.610,54.534,59.618,64.593,69.722,74.594,79.801,84.641,89.685,94.751,99.786,104.667,110.231,114.823,119.651,124.357,129.227
elapsed,0.000,4.212,9.173,14.097,19.181,24.156,29.285,34.157,39.364,44.204,49.248,54.314,59.349,64.230,69.794,74.386,79.214,83.920,88.790
bitrate,2000,2000,1401,800,800,800,800,400,400,400,400,400,400,400,400,400,400,400,400
framerate,29.97,29.97,29.97,29.97,29.97,29.97,29.97,29.97,29.97,29.97,29.97,29.97,29.97,29.97,29.97,29.97,29.97,29.97,29.97
bufferLevel,18.829,5.537,29.631,31.14,30.953,31.62,30.716,31.203,31.156,30.915,31.083,30.579,31.609,32.326,32.263,32.857,32.662,28.81,32.666
GMSD,0,0,0.99667,0,0.82748,0,0.92560,0,0.95087,0,0.87701,0,0.87589,0,0.79912,0,0.84585,0,0.86322
bitrateSwitch,0,0,1,1,0,0,0,1,0,0,0,0,0,0,0,0,0,0,0
stalling,0,0,0,0,0,0,0,0,0,0,0,0,0,0,0,0,0,0,0
stallingTime (sec),0,0,0,0,0,0,0,0,0,0,0,0,0,0,0,0,0,0,0
Throughput (Kbps),8841,25983,13126,3165,1471,1983,2088,1247,691,708,950,904,940,1126,1078,808,950,629,1254

IP,10.0.0.37
Attribute,HIGH
initTime,2023-04-13 14:09:55.601904
endTime,2023-04-13 14:11:49.690853
liveTime(sec),114.088949
startupDelay,1172
Total stalling Event,0
player width,1280
player height,720
time,40.373,44.413,49.408,54.406,59.753,64.473,69.621,74.573,79.618,84.557,89.533,94.763,99.714,104.559,110.325,114.622,119.574,124.290,129.137
elapsed,0.000,4.040,9.035,14.033,19.380,24.100,29.248,34.200,39.245,44.184,49.160,54.390,59.341,64.186,69.952,74.249,79.201,83.917,88.764
bitrate,400,400,400,400,400,400,400,400,400,400,400,400,400,400,400,400,400,400,400
framerate,29.97,29.97,29.97,29.97,29.97,29.97,29.97,29.97,29.97,29.97,29.97,29.97,29.97,29.97,29.97,29.97,29.97,29.97,29.97
bufferLevel,31.67,20.112,28.694,17.628,25.227,14.639,22.082,30.235,19.109,27.76,15.933,23.868,12.768,20.92,29.787,18.556,25.911,13.883,22.498
GMSD,0,0,0.80222,0,0.91784,0,0.87366,0,0.79796,0,0.83097,0,0.92752,0,0.91954,0,0.85291,0,0.86538
bitrateSwitch,0,0,0,0,0,0,0,0,0,0,0,0,0,0,0,0,0,0,0
stalling,0,0,0,0,0,0,0,0,0,0,0,0,0,0,0,0,0,0,0
stallingTime (sec),0,0,0,0,0,0,0,0,0,0,0,0,0,0,0,0,0,0,0
Throughput (Kbps),4456,0,1529,0,1816,0,1324,1681,0,1122,0,1487,0,1581,1693,0,1581,0,1579

IP,10.0.0.35
Attribute,HIGH
initTime,2023-04-13 14:09:56.044817
endTime,2023-04-13 14:11:49.690856
liveTime(sec),113.646039
startupDelay,1669
Total stalling Event,1
player width,1280
player height,720
time,41.000,44.757,49.714,54.562,59.701,64.586,69.753,74.658,79.715,84.621,89.721,94.802,99.856,104.958,110.093,114.811,119.770
elapsed,0.000,3.757,8.714,13.562,18.701,23.586,28.753,33.658,38.715,43.621,48.721,53.802,58.856,63.958,69.093,73.811,78.770
bitrate,2000,1401,1401,800,800,800,400,400,400,400,400,400,400,400,400,400,400
framerate,29.97,29.97,29.97,29.97,29.97,29.97,29.97,29.97,29.97,29.97,29.97,29.97,29.97,29.97,29.97,29.97,29.97
bufferLevel,0.874,32.109,32.11,32.093,31.3,31.43,32.027,29.321,33.387,29.646,29.637,29.86,30.671,31.131,31.407,31.581,31.543
GMSD,0,0,0.98479,0,0.78595,0,0.95619,0,0.94841,0,0.94689,0,0.91808,0,0.85098,0,0.86853
bitrateSwitch,0,1,0,1,0,0,1,0,0,0,0,0,0,0,0,0,0
stalling,0,0,0,0,0,0,0,0,0,0,0,0,0,0,0,0,0
stallingTime (sec),0,0,0,0,0,0,0,0,0,0,0,0,0,0,0,0,0
Throughput (Kbps),3867,16861,3067,2149,1471,1983,1723,593,951,415,947,866,1010,1033,1035,986,814

IP,10.0.0.36
Attribute,HIGH
initTime,2023-04-13 14:09:56.510871
endTime,2023-04-13 14:11:49.690859
liveTime(sec),113.179988
startupDelay,748
Total stalling Event,1
player width,1280
player height,720
time,41.538,46.014,50.932,56.220,60.966,66.079,70.991,76.082,80.952,86.127,90.912,96.296,101.060,106.608,111.495,116.453,121.157
elapsed,0.000,4.476,9.394,14.682,19.428,24.541,29.453,34.544,39.414,44.589,49.374,54.758,59.522,65.070,69.957,74.915,79.619
bitrate,2000,1401,800,800,800,800,400,400,400,400,400,400,400,400,400,400,400
framerate,29.97,29.97,29.97,29.97,29.97,29.97,29.97,29.97,29.97,29.97,29.97,29.97,29.97,29.97,29.97,29.97,29.97
bufferLevel,5.71,30.182,32.736,29.033,28.781,28.51,29.852,30.373,30.97,30.868,30.687,31.784,31.722,32.403,28.74,32.278,31.998
GMSD,0,0,0.77989,0,0.88104,0,0.85470,0,0.93585,0,0.91545,0,0.91921,0,0.85364,0,0.86615
bitrateSwitch,0,1,1,0,0,0,1,0,0,0,0,0,0,0,0,0,0
stalling,0,0,0,0,0,0,0,0,0,0,0,0,0,0,0,0,0
stallingTime (sec),0,0,0,0,0,0,0,0,0,0,0,0,0,0,0,0,0
Throughput (Kbps),8185,12543,3729,1487,1471,1983,1723,853,691,708,950,904,940,1126,680,1206,950

IP,10.0.0.6
Attribute,HIGH
initTime,2023-04-13 14:09:56.953521
endTime,2023-04-13 14:11:49.690861
liveTime(sec),112.73734
startupDelay,579
Total stalling Event,0
player width,1280
player height,720
time,41.319,45.728,50.931,55.726,60.637,66.050,70.960,75.957,80.879,86.009,90.795,96.117,100.971,106.436,111.223,116.306,120.980,125.737,130.543
elapsed,0.000,4.409,9.612,14.407,19.318,24.731,29.641,34.638,39.560,44.690,49.476,54.798,59.652,65.117,69.904,74.987,79.661,84.418,89.224
bitrate,2000,1401,1401,800,800,800,400,400,400,400,400,400,400,400,400,400,400,400,400
framerate,29.97,29.97,29.97,29.97,29.97,29.97,29.97,29.97,29.97,29.97,29.97,29.97,29.97,29.97,29.97,29.97,29.97,29.97,29.97
bufferLevel,5.81,29.509,29.116,30.453,30.941,31.508,33.615,30.621,29.748,29.285,29.902,29.95,30.365,31.592,31.135,31.635,32.623,32.279,32.051
GMSD,0,0,0.98570,0,0.78382,0,0.95545,0,0.95123,0,0.87838,0,0.87387,0,0.79888,0,0.87520,0,0.86609
bitrateSwitch,0,1,0,1,0,0,1,0,0,0,0,0,0,0,0,0,0,0,0
stalling,0,0,0,0,0,0,0,0,0,0,0,0,0,0,0,0,0,0,0
stallingTime (sec),0,0,0,0,0,0,0,0,0,0,0,0,0,0,0,0,0,0,0
Throughput (Kbps),11373,12542,3067,2149,1471,1983,2070,506,691,708,950,904,940,1126,1078,808,950,911,973

IP,10.0.0.38
Attribute,HIGH
initTime,2023-04-13 14:09:57.515004
endTime,2023-04-13 14:11:49.690864
liveTime(sec),112.17586
startupDelay,484
Total stalling Event,0
player width,1280
player height,720
time,42.103,46.230,51.068,56.269,61.021,66.081,71.036,76.338,81.112,86.159,91.011,96.261,101.062,106.550,111.502,116.355,121.299,125.929,130.852
elapsed,0.000,4.127,8.965,14.166,18.918,23.978,28.933,34.235,39.009,44.056,48.908,54.158,58.959,64.447,69.399,74.252,79.196,83.826,88.749
bitrate,2000,1401,1401,800,800,800,400,400,400,400,400,400,400,400,400,400,400,400,400
framerate,29.97,29.97,29.97,29.97,29.97,29.97,29.97,29.97,29.97,29.97,29.97,29.97,29.97,29.97,29.97,29.97,29.97,29.97,29.97
bufferLevel,5.31,30.51,31.257,32.587,31.509,28.507,32.127,28.819,33.232,29.904,29.746,30.022,31.306,32.386,32.077,28.257,31.769,29.167,32.939
GMSD,0,0,0.84482,0,0.98604,0,0.95039,0,0.95625,0,0.86454,0,0.93006,0,0.92287,0,0.84140,0,0.86483
bitrateSwitch,0,1,0,1,0,0,1,0,0,0,0,0,0,0,0,0,0,0,0
stalling,0,0,0,0,0,0,0,0,0,0,0,0,0,0,0,0,0,0,0
stallingTime (sec),0,0,0,0,0,0,0,0,0,0,0,0,0,0,0,0,0,0,0
Throughput (Kbps),9201,12542,3067,2149,1471,1373,2334,593,951,415,947,866,1010,1033,1035,636,1163,647,1227

Avg GMSD,0.8907200862068967
Total Bitrate Switch,93
Total Stalling Event, 1

