Server Info
Server CPU Core,40
Server CPU Freq,0.0 GHz
Server RAM Total,23 GB
time,0.930,1.844,2.757,3.671,4.584,5.497,6.411,7.326,8.241,9.156,10.071,10.985,11.919,12.835,13.751,14.667,15.582,16.528,17.444,18.359,19.310,20.229,21.145,22.069,23.000,23.916,24.831,25.746,26.675,27.625,28.556,29.471,30.411,31.325,32.265,33.192,34.107,35.021,35.943,36.933,37.848,38.762,39.742,40.735,41.963,43.440,44.907,45.977,47.222,48.432,50.069,51.314,52.535,53.730,54.878,56.190,57.205,58.387,59.653,60.812,61.941,63.181,64.297,65.429,66.509,67.672,69.007,70.187,71.327,72.411,73.369,74.381,75.459,76.571,77.932,79.284,80.405,81.428,82.364,83.293,84.353,85.407,86.694,87.943,88.981,90.115,91.247,92.192,93.108,94.047,95.160,96.453,97.840,99.098,100.225,101.333,102.375,103.312,104.264,105.462,106.621,107.844,109.153,110.284,111.327,112.402,113.366,114.389,115.487,116.751,117.865,119.071,120.141,121.055,121.999,122.923,123.843,124.822,125.882,126.841,127.807,128.755,129.722,130.637,131.552,132.467,133.382,134.296,135.214,136.168,137.107,138.023,138.938,139.854,140.769,141.683,142.616,143.529,144.443,145.356,146.270,147.183,148.097,149.010,149.924
Player Connected,0,0,0,0,0,0,1,3,3,4,4,5,9,10,14,14,14,15,17,18,19,21,22,22,22,22,25,28,31,32,32,32,33,35,36,36,37,38,41,43,45,47,49,50,50,50,50,50,50,50,50,50,50,50,50,50,50,50,50,50,50,50,50,50,50,50,50,50,50,50,50,50,50,50,50,50,50,50,50,50,50,50,50,50,50,50,50,50,50,50,50,50,50,50,50,50,50,50,50,50,50,50,50,50,50,50,50,50,50,50,50,50,50,50,50,50,50,50,50,50,50,50,50,50,50,50,50,50,50,50,50,50,50,50,50,50,50,50,50,50,50,50,50,50,50
TX (Kbps),0.0947,0.0,0.0,0.0,0.0,0.5938,2.1895,3.8926,1.7461,2.7832,1.4551,2.5059,10.3633,6.6816,8.8438,2.9492,6.3867,14.8301,24.1816,16.1387,18.543,8.8359,15.5977,51.4785,24.7695,36.1152,9.2129,20.8926,26.3789,55.043,37.9453,25.9023,43.8105,66.6914,35.0488,27.9785,41.0137,75.8887,96.5566,67.8984,61.1152,33.3477,33.7422,39.2988,55.5039,61.8359,59.5273,45.2012,128.9531,67.293,41.127,73.4082,73.168,88.541,94.748,66.2949,99.416,84.002,24.7109,65.9688,69.1504,45.6426,73.1309,70.5098,109.0059,58.0078,36.1289,51.293,66.7832,37.6934,29.123,121.7422,79.8594,93.7246,59.7148,40.8633,46.623,62.5059,41.3789,34.0254,110.0645,67.6641,77.9512,42.3145,35.9434,46.1055,57.5898,52.6211,34.7266,50.5508,74.6641,95.459,69.7012,37.1758,35.7109,59.7031,46.168,29.623,77.582,128.2676,89.002,82.7129,52.1562,73.0137,30.7031,47.6074,30.3125,113.1719,89.7773,104.084,35.9004,39.3652,36.4043,53.1074,41.1055,23.1016,46.4395,77.7754,79.4473,42.8223,35.2227,9.3828,3.9551,14.5254,23.7441,13.498,0.959,27.4941,14.0527,30.1855,10.2383,4.0801,1.0586,0.5664,2.4141,6.6387,0.3281,0.0,0.0,0.0,0.0,0.0,0.0,3.3564,5.3809
RX (Kbps),0.1465,0.0,0.0449,0.0,0.0,0.5938,1.9756,3.832,1.459,2.6055,1.4131,3.084,10.1104,5.5869,8.9131,1.8516,51.6084,852.3984,1164.834,1235.1201,1157.1885,8.3145,1039.8408,4360.9082,2298.3291,3289.499,8.0938,990.002,1055.4365,3485.7695,2351.0459,1879.9082,2662.8193,3212.5186,3356.4883,2072.5439,3184.9844,3467.3311,4528.6562,4073.4854,6151.1855,1128.5791,3708.0283,1888.1484,4476.7393,6925.5703,3751.2832,4657.4697,10189.7402,10169.9053,5651.3604,5067.5059,6841.833,8947.2412,6308.6465,6095.3125,9415.1514,11050.2646,1432.8691,3855.3965,7382.0635,5296.7236,4332.3721,6092.6729,15055.0508,9090.3418,2808.1328,3013.9004,4454.2891,4393.9033,1954.7432,7750.3271,8486.3379,12247.6562,5577.5869,3037.6318,2308.7383,4836.5479,3144.7051,2095.7783,5895.3389,6162.8193,6566.2236,4199.5039,2788.832,3871.6113,3607.2607,5654.2646,2373.3574,3712.4648,6313.5166,8249.5996,8184.3682,3282.4863,1836.4736,4472.9209,4227.9756,2306.9932,4760.1572,8989.8281,9126.5156,9292.9023,3170.3379,5461.4678,3389.0654,5458.292,1634.7217,6335.5322,8344.9561,10978.8174,4386.9854,1824.1709,1664.9775,3341.5908,3716.8486,1958.5312,3142.6426,6030.624,8144.124,5215.4287,2048.7715,7.8115,2.1123,892.9365,2116.6328,1212.5029,0.2988,2510.8164,951.9805,2685.2383,575.4365,220.0908,1.2939,0.1523,16.7061,681.624,0.1348,0.0,0.0,0.0449,0.0,0.0449,0.0,2.4199,1.9062
TX + RX (Kbps),0.2412,0.0,0.0449,0.0,0.0,1.1876,4.1651,7.7246,3.2051,5.3887,2.8682,5.5899,20.4737,12.2685,17.7569,4.8008,57.9951,867.2285,1189.0156,1251.2588,1175.7314999999999,17.1504,1055.4385,4412.3867,2323.0986,3325.6142,17.3067,1010.8946,1081.8154,3540.8125,2388.9912,1905.8105,2706.6298,3279.21,3391.5371,2100.5224000000003,3225.9981,3543.2198,4625.2128,4141.3838,6212.3007,1161.9268,3741.7705,1927.4472,4532.2432,6987.4062,3810.8105,4702.6709,10318.6933,10237.1983,5692.4874,5140.9141,6915.000999999999,9035.7822,6403.394499999999,6161.6074,9514.5674,11134.2666,1457.58,3921.3653,7451.213900000001,5342.3662,4405.503,6163.182699999999,15164.056700000001,9148.3496,2844.2617,3065.1934,4521.0723,4431.5967,1983.8662,7872.0693,8566.1973,12341.380799999999,5637.3017,3078.4951,2355.3613,4899.0538,3186.0840000000003,2129.8037,6005.4034,6230.4834,6644.174800000001,4241.8184,2824.7754,3917.7168,3664.8505,5706.885700000001,2408.084,3763.0156,6388.1807,8345.0586,8254.0694,3319.6621,1872.1845,4532.624,4274.143599999999,2336.6162,4837.7392,9118.0957,9215.517600000001,9375.6152,3222.4941,5534.481500000001,3419.7685,5505.8994,1665.0342,6448.7041,8434.7334,11082.9014,4422.8858,1863.5361,1701.3817999999999,3394.6982,3757.9541,1981.6327999999999,3189.0821,6108.3994,8223.5713,5258.251,2083.9941999999996,17.1943,6.067399999999999,907.4619,2140.3768999999998,1226.0009,1.2578,2538.3105,966.0332,2715.4238,585.6748,224.1709,2.3525,0.7187,19.1202,688.2627,0.4629,0.0,0.0,0.0449,0.0,0.0449,0.0,5.7763,7.2871
CPU Usage Percent,0.1,0.0,0.0,0.0,0.0,0.0,0.6,1.1,0.4,1.1,0.4,0.9,4.7,3.4,5.7,2.3,3.4,8.4,12.4,7.4,9.5,7.9,4.4,23.9,17.4,16.5,16.5,11.9,20.5,29.7,31.2,25.6,21.1,20.4,29.8,31.4,26.5,26.7,19.2,16.1,20.2,13.5,20.3,34.3,55.4,62.9,59.8,62.3,61.6,58.1,59.6,63.0,59.3,56.4,57.7,54.6,57.5,51.9,58.9,61.1,52.7,51.5,60.8,59.4,51.6,49.8,60.6,59.2,58.7,55.3,51.5,44.2,46.9,51.8,52.8,62.9,57.7,55.3,53.4,38.7,36.9,48.8,57.8,58.0,56.1,57.6,54.5,53.5,47.2,37.1,48.4,52.9,56.8,55.1,56.3,53.8,53.0,47.1,38.1,47.5,55.9,54.5,56.2,52.5,50.3,51.9,54.5,48.5,47.2,50.6,53.6,55.2,47.1,38.2,34.0,30.4,26.1,41.1,46.5,50.1,50.5,22.3,11.2,14.0,15.6,10.3,6.9,12.3,11.1,21.9,20.0,9.2,2.4,2.7,2.9,5.2,2.3,0.2,0.4,0.3,0.6,0.6,0.0,2.9,1.9
RAM Usage Percent,6.8,6.8,6.8,6.8,6.8,6.8,6.8,6.9,6.9,6.9,6.9,6.9,7.1,7.1,7.2,7.1,7.1,7.5,7.8,7.6,7.9,7.5,7.5,8.7,8.1,8.5,7.8,7.9,8.1,9.6,9.9,9.7,9.3,8.6,10.1,9.3,9.2,10.4,9.3,9.2,9.5,9.6,10.0,11.3,13.6,12.9,12.9,14.1,14.8,13.4,16.8,14.9,12.9,14.3,13.9,13.0,13.4,14.8,14.5,14.1,12.4,13.6,15.9,13.1,13.4,15.0,15.2,13.8,13.5,14.1,13.3,12.0,13.8,14.1,14.5,15.2,13.1,12.6,13.5,12.0,11.9,13.9,14.5,15.3,14.1,14.0,13.5,13.9,13.1,11.7,13.9,13.6,14.7,13.9,14.2,12.5,13.7,13.2,12.1,14.2,13.6,15.1,14.5,13.7,13.3,13.5,14.8,12.5,13.9,13.9,14.6,14.3,11.9,11.6,12.5,12.1,11.5,13.1,13.9,14.0,15.2,10.6,10.4,11.2,11.4,10.7,10.4,11.1,11.0,11.1,10.9,10.9,10.5,10.4,10.4,10.9,10.4,10.4,10.4,10.4,10.4,10.4,10.4,10.5,10.5

IP,10.0.0.17
Attribute,HIGH
initTime,2023-04-14 13:30:57.576415
endTime,2023-04-14 13:33:21.971996
liveTime(sec),144.395581
startupDelay,1044
Total stalling Event,0
player width,1280
player height,720
time,9.838,14.909,19.984,24.970,30.029,36.229,43.652,47.354,52.556,55.865,61.338,65.455,70.746,75.303,80.473,85.493,90.388,95.383,100.442,105.408,111.069
elapsed,0.000,5.071,10.146,15.132,20.191,26.391,33.814,37.516,42.718,46.027,51.500,55.617,60.908,65.465,70.635,75.655,80.550,85.545,90.604,95.570,101.231
bitrate,400,400,400,400,400,400,400,400,400,400,400,400,400,400,400,400,400,400,400,400,400
framerate,29.97,29.97,29.97,29.97,29.97,29.97,29.97,29.97,29.97,29.97,29.97,29.97,29.97,29.97,29.97,29.97,29.97,29.97,29.97,29.97,29.97
bufferLevel,31.321,19.8,28.1,16.858,25.116,13.589,21.357,29.903,18.649,25.869,14.43,23.473,29.988,17.89,25.609,12.57,24.461,33.226,21.443,33.133,21.259
GMSD,0,0,0.88390,0,0.89863,0,0.71284,0,0.86163,0,0.94559,0,0.91371,0,0.85904,0,0.91797,0,0.88260,0,0.84020
bitrateSwitch,0,0,0,0,0,0,0,0,0,0,0,0,0,0,0,0,0,0,0,0,0
stalling,0,0,0,0,0,0,0,0,0,0,0,0,0,0,0,0,0,0,0,0,0
stallingTime (sec),0,0,0,0,0,0,0,0,0,0,0,0,0,0,0,0,0,0,0,0,0
Throughput (Kbps),4456,0,1529,0,1816,0,1324,1681,0,1122,0,1487,1581,0,1693,0,1908,1533,0,1928,0

IP,10.0.0.18
Attribute,HIGH
initTime,2023-04-14 13:30:58.502714
endTime,2023-04-14 13:33:21.972019
liveTime(sec),143.469305
startupDelay,248
Total stalling Event,0
player width,1280
player height,720
time,11.411,16.452,21.532,27.019,31.898,41.123,44.642,49.121,53.649,58.061,62.433,68.525,72.126,78.156,81.948,88.315,92.104,98.307,102.204,108.390,112.321
elapsed,0.000,5.041,10.121,15.608,20.487,29.712,33.231,37.710,42.238,46.650,51.022,57.114,60.715,66.745,70.537,76.904,80.693,86.896,90.793,96.979,100.910
bitrate,2000,1401,1401,800,800,800,400,400,400,400,400,400,400,400,400,400,400,400,400,400,400
framerate,29.97,29.97,29.97,29.97,29.97,29.97,29.97,29.97,29.97,29.97,29.97,29.97,29.97,29.97,29.97,29.97,29.97,29.97,29.97,29.97,29.97
bufferLevel,5.184,29.825,30.367,30.862,31.414,31.461,31.493,32.177,32.431,31.626,32.692,32.215,31.827,31.867,30.546,30.522,31.199,31.588,31.202,31.359,31.494
GMSD,0,0,0.79163,0,0.98585,0,0.94629,0,0.95093,0,0.90765,0,0.89169,0,0.79698,0,0.91510,0,0.86412,0,0.75698
bitrateSwitch,0,1,0,1,0,0,1,0,0,0,0,0,0,0,0,0,0,0,0,0,0
stalling,0,0,0,0,0,0,0,0,0,0,0,0,0,0,0,0,0,0,0,0,0
stallingTime (sec),0,0,0,0,0,0,0,0,0,0,0,0,0,0,0,0,0,0,0,0,0
Throughput (Kbps),8186,12543,3067,2149,1471,1983,1723,853,691,708,950,904,940,1126,1078,808,950,911,973,955,1052

IP,10.0.0.35
Attribute,HIGH
initTime,2023-04-14 13:30:59.238884
endTime,2023-04-14 13:33:21.972041
liveTime(sec),142.733157
startupDelay,666
Total stalling Event,0
player width,1280
player height,720
time,11.923,17.051,21.939,27.592,32.113,41.463,45.251,49.796,53.539,59.493,63.240,68.230,72.588,78.249,82.326,88.199,92.431,98.099,102.429,108.019,112.793
elapsed,0.000,5.128,10.016,15.669,20.190,29.540,33.328,37.873,41.616,47.570,51.317,56.307,60.665,66.326,70.403,76.276,80.508,86.176,90.506,96.096,100.870
bitrate,2000,1401,800,800,800,800,400,400,400,400,400,400,400,400,400,400,400,400,400,400,400
framerate,29.97,29.97,29.97,29.97,29.97,29.97,29.97,29.97,29.97,29.97,29.97,29.97,29.97,29.97,29.97,29.97,29.97,29.97,29.97,29.97,29.97
bufferLevel,5.209,30.56,33.754,30.938,31.246,31.474,31.52,31.547,32.127,32.578,33.015,33.597,33.366,29.989,30.069,30.452,31.536,31.373,31.351,31.719,32.649
GMSD,0,0,0.77339,0,0.84639,0,0.95073,0,0.94106,0,0.94807,0,0.87696,0,0.92228,0,0.86114,0,0.85509,0,0.94027
bitrateSwitch,0,1,1,0,0,0,1,0,0,0,0,0,0,0,0,0,0,0,0,0,0
stalling,0,0,0,0,0,0,0,0,0,0,0,0,0,0,0,0,0,0,0,0,0
stallingTime (sec),0,0,0,0,0,0,0,0,0,0,0,0,0,0,0,0,0,0,0,0,0
Throughput (Kbps),8186,12543,3729,1487,1471,1983,1723,853,691,708,950,904,940,771,1035,986,814,985,889,957,1065

IP,10.0.0.36
Attribute,HIGH
initTime,2023-04-14 13:31:00.707675
endTime,2023-04-14 13:33:21.972045
liveTime(sec),141.26437
startupDelay,448
Total stalling Event,0
player width,1280
player height,720
time,13.343,18.601,23.377,28.645,33.485,42.297,45.931,51.249,54.616,60.521,64.062,69.841,73.653,79.135,83.610,89.094,93.639,99.077,103.703,109.077,113.668
elapsed,0.000,5.258,10.034,15.302,20.142,28.954,32.588,37.906,41.273,47.178,50.719,56.498,60.310,65.792,70.267,75.751,80.296,85.734,90.360,95.734,100.325
bitrate,2000,1401,1401,800,800,800,400,400,400,400,400,400,400,400,400,400,400,400,400,400,400
framerate,29.97,29.97,29.97,29.97,29.97,29.97,29.97,29.97,29.97,29.97,29.97,29.97,29.97,29.97,29.97,29.97,29.97,29.97,29.97,29.97,29.97
bufferLevel,6.018,29.692,29.858,31.375,31.771,31.561,31.278,31.824,32.835,32.596,29.631,29.524,29.438,30.122,30.291,30.892,31.207,31.264,31.229,32.107,32.542
GMSD,0,0,0.77304,0,0.85337,0,0.92696,0,0.95130,0,0.93852,0,0.92596,0,0.91942,0,0.84678,0,0.88327,0,0.85495
bitrateSwitch,0,1,0,1,0,0,1,0,0,0,0,0,0,0,0,0,0,0,0,0,0
stalling,0,0,0,0,0,0,0,0,0,0,0,0,0,0,0,0,0,0,0,0,0
stallingTime (sec),0,0,0,0,0,0,0,0,0,0,0,0,0,0,0,0,0,0,0,0,0
Throughput (Kbps),7765,12543,3067,2149,1471,1983,1724,853,691,708,655,866,1010,1033,1035,986,814,985,889,957,1065

IP,10.0.0.33
Attribute,HIGH
initTime,2023-04-14 13:31:02.849503
endTime,2023-04-14 13:33:21.972048
liveTime(sec),139.122545
startupDelay,1056
Total stalling Event,0
player width,1280
player height,720
time,15.025,20.054,25.069,30.162,36.654,43.885,47.132,52.742,56.339,61.396,65.780,70.955,75.673,80.873,85.608,90.961,95.648,100.868,105.753,110.917,115.848,120.487,125.463,130.308,135.342,140.353
elapsed,0.000,5.029,10.044,15.137,21.629,28.860,32.107,37.717,41.314,46.371,50.755,55.930,60.648,65.848,70.583,75.936,80.623,85.843,90.728,95.892,100.823,105.462,110.438,115.283,120.317,125.328
bitrate,400,400,400,400,400,400,400,400,400,400,400,400,400,400,400,400,400,400,400,400,400,400,400,400,400,400
framerate,29.97,29.97,29.97,29.97,29.97,29.97,29.97,29.97,29.97,29.97,29.97,29.97,29.97,29.97,29.97,29.97,29.97,29.97,29.97,29.97,29.97,29.97,29.97,29.97,29.97,29.97
bufferLevel,31.364,19.947,28.318,16.385,24.998,33.102,21.846,29.273,17.038,26.183,13.992,22.486,30.949,18.323,26.069,14.081,22.875,31.082,18.402,27.812,14.617,23.356,31.977,21.087,28.389,16.487
GMSD,0,0,0.88384,0,0.82713,0,0.85958,0,0.84442,0,0.86668,0,0.86663,0,0.82894,0,0.86853,0,0.94696,0,0.91959,0,0.86825,0,0.93289,0
bitrateSwitch,0,0,0,0,0,0,0,0,0,0,0,0,0,0,0,0,0,0,0,0,0,0,0,0,0,0
stalling,0,0,0,0,0,0,0,0,0,0,0,0,0,0,0,0,0,0,0,0,0,0,0,0,0,0
stallingTime (sec),0,0,0,0,0,0,0,0,0,0,0,0,0,0,0,0,0,0,0,0,0,0,0,0,0,0
Throughput (Kbps),4456,0,1529,0,1816,1324,0,1681,0,1122,0,1487,1581,0,1693,0,1581,1579,0,1598,0,1663,1689,0,1494,0

IP,10.0.0.21
Attribute,HIGH
initTime,2023-04-14 13:31:02.944099
endTime,2023-04-14 13:33:21.972051
liveTime(sec),139.027952
startupDelay,976
Total stalling Event,0
player width,1280
player height,720
time,15.158,20.206,25.316,30.342,37.685,43.809,48.249,52.004,56.385,61.617,65.951,70.985,75.861,80.991,85.912,90.969,95.891,101.027,106.080,111.113,116.033,120.454
elapsed,0.000,5.048,10.158,15.184,22.527,28.651,33.091,36.846,41.227,46.459,50.793,55.827,60.703,65.833,70.754,75.811,80.733,85.869,90.922,95.955,100.875,105.296
bitrate,400,400,400,400,400,400,400,400,400,400,400,400,400,400,400,400,400,400,400,400,400,400
framerate,29.97,29.97,29.97,29.97,29.97,29.97,29.97,29.97,29.97,29.97,29.97,29.97,29.97,29.97,29.97,29.97,29.97,29.97,29.97,29.97,29.97,29.97
bufferLevel,31.396,19.407,27.695,15.297,24.445,32.012,21.315,29.455,17.145,25.468,14.652,21.124,29.068,17.77,26.074,13.637,21.964,30.41,19.557,27.051,15.24,24.07
GMSD,0,0,0.93099,0,0.92397,0,0.86869,0,0.84707,0,0.91300,0,0.88391,0,0.87840,0,0.86821,0,0.92826,0,0.90054,0
bitrateSwitch,0,0,0,0,0,0,0,0,0,0,0,0,0,0,0,0,0,0,0,0,0,0
stalling,0,0,0,0,0,0,0,0,0,0,0,0,0,0,0,0,0,0,0,0,0,0
stallingTime (sec),0,0,0,0,0,0,0,0,0,0,0,0,0,0,0,0,0,0,0,0,0,0
Throughput (Kbps),4456,0,1529,0,1816,1324,0,1681,0,1122,0,1487,1581,0,1693,0,1581,1579,0,1598,0,1663

IP,10.0.0.39
Attribute,HIGH
initTime,2023-04-14 13:31:03.213408
endTime,2023-04-14 13:33:21.972054
liveTime(sec),138.758646
startupDelay,1269
Total stalling Event,0
player width,1280
player height,720
time,15.471,20.524,25.849,30.632,38.756,44.276,48.957,53.286,56.762,62.178,66.327,71.451,76.336,81.355,86.563,91.355,96.599,101.369,106.448,111.689,116.749,120.982,126.358
elapsed,0.000,5.053,10.378,15.161,23.285,28.805,33.486,37.815,41.291,46.707,50.856,55.980,60.865,65.884,71.092,75.884,81.128,85.898,90.977,96.218,101.278,105.511,110.887
bitrate,400,400,400,400,400,400,400,400,400,400,400,400,400,400,400,400,400,400,400,400,400,400,400
framerate,29.97,29.97,29.97,29.97,29.97,29.97,29.97,29.97,29.97,29.97,29.97,29.97,29.97,29.97,29.97,29.97,29.97,29.97,29.97,29.97,29.97,29.97,29.97
bufferLevel,31.242,23.607,32.281,19.717,28.069,14.911,22.649,31.214,19.22,28.139,15.715,23.904,31.806,19.786,29.391,16.026,24.348,32.157,21.541,26.341,13.205,21.331,30.51
GMSD,0,0,0.79917,0,0.84709,0,0.86892,0,0.84953,0,0.94800,0,0.87447,0,0.86348,0,0.87849,0,0.86513,0,0.82516,0,0.86596
bitrateSwitch,0,0,0,0,0,0,0,0,0,0,0,0,0,0,0,0,0,0,0,0,0,0,0
stalling,0,0,0,0,0,0,0,0,0,0,0,0,0,0,0,0,0,0,0,0,0,0,0
stallingTime (sec),0,0,0,0,0,0,0,0,0,0,0,0,0,0,0,0,0,0,0,0,0,0,0
Throughput (Kbps),6015,373,1531,0,1750,0,1378,1580,0,1106,0,1518,1568,0,1806,0,1533,1533,0,1317,0,1663,1689

IP,10.0.0.22
Attribute,HIGH
initTime,2023-04-14 13:31:03.591823
endTime,2023-04-14 13:33:21.972057
liveTime(sec),138.380234
startupDelay,312
Total stalling Event,0
player width,1280
player height,720
time,16.467,21.572,26.993,31.816,41.080,44.983,48.294,53.589,57.932,62.624,67.582,72.419,77.291,81.940,87.677,91.932,97.846,102.001,107.746,112.084,117.620,121.847
elapsed,0.000,5.105,10.526,15.349,24.613,28.516,31.827,37.122,41.465,46.157,51.115,55.952,60.824,65.473,71.210,75.465,81.379,85.534,91.279,95.617,101.153,105.380
bitrate,2000,1401,800,800,800,800,400,400,400,400,400,400,400,400,400,400,400,400,400,400,400,400
framerate,29.97,29.97,29.97,29.97,29.97,29.97,29.97,29.97,29.97,29.97,29.97,29.97,29.97,29.97,29.97,29.97,29.97,29.97,29.97,29.97,29.97,29.97
bufferLevel,5.84,29.577,30.31,29.839,30.486,30.436,31.053,31.856,31.295,31.474,32.179,31.747,31.157,32.173,29.136,31.971,32.845,33.162,29.542,29.982,29.978,30.299
GMSD,0,0,0.88912,0,0.98622,0,0.95962,0,0.95171,0,0.94713,0,0.90276,0,0.79892,0,0.86692,0,0.92874,0,0.82668,0
bitrateSwitch,0,1,1,0,0,0,1,0,0,0,0,0,0,0,0,0,0,0,0,0,0,0
stalling,0,0,0,0,0,0,0,0,0,0,0,0,0,0,0,0,0,0,0,0,0,0
stallingTime (sec),0,0,0,0,0,0,0,0,0,0,0,0,0,0,0,0,0,0,0,0,0,0
Throughput (Kbps),8186,13060,1620,2148,1471,1983,1416,853,691,708,950,904,940,1126,680,1206,950,911,607,957,1065,943

IP,10.0.0.34
Attribute,HIGH
initTime,2023-04-14 13:31:03.713624
endTime,2023-04-14 13:33:21.972060
liveTime(sec),138.258436
startupDelay,662
Total stalling Event,0
player width,1280
player height,720
time,16.533,21.615,27.046,32.092,41.300,44.725,48.361,53.966,58.054,62.533,68.946,72.423,77.563,82.089,87.768,92.223,97.678,102.173,107.794,112.358,117.701,121.791,127.207,131.776,136.773
elapsed,0.000,5.082,10.513,15.559,24.767,28.192,31.828,37.433,41.521,46.000,52.413,55.890,61.030,65.556,71.235,75.690,81.145,85.640,91.261,95.825,101.168,105.258,110.674,115.243,120.240
bitrate,400,400,400,400,400,400,400,400,400,400,400,400,400,400,400,400,400,400,400,400,400,400,400,400,400
framerate,29.97,29.97,29.97,29.97,29.97,29.97,29.97,29.97,29.97,29.97,29.97,29.97,29.97,29.97,29.97,29.97,29.97,29.97,29.97,29.97,29.97,29.97,29.97,29.97,29.97
bufferLevel,30.572,18.53,27.185,15.246,23.744,32.161,20.054,28.898,16.346,25.32,13.316,21.316,29.638,17.153,25.24,13.026,21.358,29.589,18.466,26.658,13.811,22.291,30.948,19.133,27.489
GMSD,0,0,0.90650,0,0.85708,0,0.86553,0,0.84342,0,0.94689,0,0.91334,0,0.92286,0,0.86912,0,0.88234,0,0.84709,0,0.86739,0,0.92535
bitrateSwitch,0,0,0,0,0,0,0,0,0,0,0,0,0,0,0,0,0,0,0,0,0,0,0,0,0
stalling,0,0,0,0,0,0,0,0,0,0,0,0,0,0,0,0,0,0,0,0,0,0,0,0,0
stallingTime (sec),0,0,0,0,0,0,0,0,0,0,0,0,0,0,0,0,0,0,0,0,0,0,0,0,0
Throughput (Kbps),6015,0,1529,0,1816,1324,0,1681,0,1122,0,1487,1581,0,1693,0,1581,1579,0,1598,0,1663,1689,0,1494

IP,10.0.0.40
Attribute,HIGH
initTime,2023-04-14 13:31:04.185662
endTime,2023-04-14 13:33:21.972063
liveTime(sec),137.786401
startupDelay,784
Total stalling Event,0
player width,1280
player height,720
time,16.824,21.826,27.166,32.096,41.433,45.027,49.018,53.970,58.457,63.032,68.118,72.479,78.615,82.328,88.232,92.404,97.956,102.357,107.964,112.722,118.083,122.041,127.412
elapsed,0.000,5.002,10.342,15.272,24.609,28.203,32.194,37.146,41.633,46.208,51.294,55.655,61.791,65.504,71.408,75.580,81.132,85.533,91.140,95.898,101.259,105.217,110.588
bitrate,2000,1401,1401,800,800,800,400,400,400,400,400,400,400,400,400,400,400,400,400,400,400,400,400
framerate,29.97,29.97,29.97,29.97,29.97,29.97,29.97,29.97,29.97,29.97,29.97,29.97,29.97,29.97,29.97,29.97,29.97,29.97,29.97,29.97,29.97,29.97,29.97
bufferLevel,6.942,31.315,31.025,31.48,31.211,30.834,30.517,31.383,31.324,31.754,31.064,31.449,31.314,31.971,31.86,32.031,31.796,32.553,29.32,29.749,32.588,33.132,29.758
GMSD,0,0,0.98484,0,0.92479,0,0.95021,0,0.95194,0,0.92974,0,0.88773,0,0.92109,0,0.90025,0,0.86899,0,0.87206,0,0.90991
bitrateSwitch,0,1,0,1,0,0,1,0,0,0,0,0,0,0,0,0,0,0,0,0,0,0,0
stalling,0,0,0,0,0,0,0,0,0,0,0,0,0,0,0,0,0,0,0,0,0,0,0
stallingTime (sec),0,0,0,0,0,0,0,0,0,0,0,0,0,0,0,0,0,0,0,0,0,0,0
Throughput (Kbps),7765,12543,3067,2149,1471,1983,1724,853,691,708,950,904,940,1126,1078,808,950,911,607,957,1415,879,810

IP,10.0.0.7
Attribute,HIGH
initTime,2023-04-14 13:31:04.825648
endTime,2023-04-14 13:33:21.972066
liveTime(sec),137.146418
startupDelay,985
Total stalling Event,0
player width,1280
player height,720
time,17.145,22.196,27.727,32.361,41.551,44.991,50.788,53.514,59.173,63.430,68.942,72.697,78.775,82.496,88.649,92.654,98.364,102.667,108.579,112.796,118.298,122.481
elapsed,0.000,5.051,10.582,15.216,24.406,27.846,33.643,36.369,42.028,46.285,51.797,55.552,61.630,65.351,71.504,75.509,81.219,85.522,91.434,95.651,101.153,105.336
bitrate,2000,1401,2000,2000,1401,800,800,800,800,400,400,400,400,400,400,400,400,400,400,400,400,400
framerate,29.97,29.97,29.97,29.97,29.97,29.97,29.97,29.97,29.97,29.97,29.97,29.97,29.97,29.97,29.97,29.97,29.97,29.97,29.97,29.97,29.97,29.97
bufferLevel,11.556,30.372,26.915,14.728,30.615,30.544,30.149,30.703,31.207,31.949,32.223,32.116,33.25,29.332,29.758,30.386,30.586,31.332,31.182,31.758,31.993,32.318
GMSD,0,0,0.99619,0,0.88428,0,0.98490,0,0.97045,0,0.90196,0,0.91933,0,0.83730,0,0.86627,0,0.93501,0,0.94027,0
bitrateSwitch,0,1,1,0,1,1,0,0,0,1,0,0,0,0,0,0,0,0,0,0,0,0
stalling,0,0,0,0,0,0,0,0,0,0,0,0,0,0,0,0,0,0,0,0,0,0
stallingTime (sec),0,0,0,0,0,0,0,0,0,0,0,0,0,0,0,0,0,0,0,0,0,0
Throughput (Kbps),3646,13067,4046,5554,12014,3097,2088,2555,1448,896,950,904,940,771,1035,986,814,985,889,957,1065,943

IP,10.0.0.27
Attribute,HIGH
initTime,2023-04-14 13:31:05.106849
endTime,2023-04-14 13:33:21.972069
liveTime(sec),136.86522
startupDelay,1163
Total stalling Event,0
player width,1280
player height,720
time,17.353,22.409,27.754,32.577,41.930,45.362,51.048,54.476,59.999,63.447,68.939,72.910,78.684,82.757,88.552,92.771,98.640,102.797,108.650,112.945,118.221,122.678,127.818,132.648,137.646
elapsed,0.000,5.056,10.401,15.224,24.577,28.009,33.695,37.123,42.646,46.094,51.586,55.557,61.331,65.404,71.199,75.418,81.287,85.444,91.297,95.592,100.868,105.325,110.465,115.295,120.293
bitrate,2000,1401,1401,800,800,800,400,400,400,400,400,400,400,400,400,400,400,400,400,400,400,400,400,400,400
framerate,29.97,29.97,29.97,29.97,29.97,29.97,29.97,29.97,29.97,29.97,29.97,29.97,29.97,29.97,29.97,29.97,29.97,29.97,29.97,29.97,29.97,29.97,29.97,29.97,29.97
bufferLevel,7.609,31.596,31.656,32.08,31.338,31.804,31.764,30.777,31.871,32.366,32.576,31.997,28.874,33.299,32.731,29.163,29.873,29.849,30.012,30.123,29.739,30.885,30.985,31.436,31.236
GMSD,0,0,0.81058,0,0.98440,0,0.93359,0,0.94455,0,0.91621,0,0.89080,0,0.92279,0,0.86659,0,0.88258,0,0.91668,0,0.88118,0,0.90760
bitrateSwitch,0,1,0,1,0,0,1,0,0,0,0,0,0,0,0,0,0,0,0,0,0,0,0,0,0
stalling,0,0,0,0,0,0,0,0,0,0,0,0,0,0,0,0,0,0,0,0,0,0,0,0,0
stallingTime (sec),0,0,0,0,0,0,0,0,0,0,0,0,0,0,0,0,0,0,0,0,0,0,0,0,0
Throughput (Kbps),7765,12543,3067,2149,1471,1983,1724,853,691,708,950,904,678,1388,1078,587,814,985,889,957,1065,943,1095,913,935

IP,10.0.0.28
Attribute,HIGH
initTime,2023-04-14 13:31:05.403894
endTime,2023-04-14 13:33:21.972072
liveTime(sec),136.568178
startupDelay,618
Total stalling Event,0
player width,1280
player height,720
time,18.541,23.451,28.654,33.640,42.433,46.562,50.929,55.414,60.584,64.561,69.994,74.148,79.522,84.200,89.886,94.149,99.966,104.422,110.249,114.362,119.515,124.304,129.114,134.075,139.128
elapsed,0.000,4.910,10.113,15.099,23.892,28.021,32.388,36.873,42.043,46.020,51.453,55.607,60.981,65.659,71.345,75.608,81.425,85.881,91.708,95.821,100.974,105.763,110.573,115.534,120.587
bitrate,400,400,400,400,400,2000,2000,1401,1401,800,800,800,800,400,400,400,400,400,400,400,400,400,400,400,400
framerate,29.97,29.97,29.97,29.97,29.97,29.97,29.97,29.97,29.97,29.97,29.97,29.97,29.97,29.97,29.97,29.97,29.97,29.97,29.97,29.97,29.97,29.97,29.97,29.97,29.97
bufferLevel,31.353,18.892,26.564,15.408,22.298,27.773,14.023,32.87,30.342,30.487,30.294,29.882,31.502,31.1,31.22,31.92,31.521,32.293,32.093,31.731,32.056,28.628,33.217,33.318,29.321
GMSD,0,0,0.90651,0,0.88080,0,0.94621,0,0.92213,0,0.91958,0,0.83496,0,0.82903,0,0.67105,0,0.87099,0,0.82809,0,0.94603,0,0.90382
bitrateSwitch,0,0,0,0,0,1,0,1,0,1,0,0,0,1,0,0,0,0,0,0,0,0,0,0,0
stalling,0,0,0,0,0,0,0,0,0,0,0,0,0,0,0,0,0,0,0,0,0,0,0,0,0
stallingTime (sec),0,0,0,0,0,0,0,0,0,0,0,0,0,0,0,0,0,0,0,0,0,0,0,0,0
Throughput (Kbps),4456,0,1529,0,1816,2799,5044,12658,1503,1764,2000,1800,1902,1126,1078,808,950,911,973,955,1052,593,1412,903,629

IP,10.0.0.8
Attribute,HIGH
initTime,2023-04-14 13:31:05.538725
endTime,2023-04-14 13:33:21.972075
liveTime(sec),136.43335
startupDelay,347
Total stalling Event,0
player width,1280
player height,720
time,18.532,23.362,28.566,33.528,42.351,46.221,50.670,55.062,60.143,64.029,69.417,73.740,79.185,83.673,89.363,93.718,99.310,103.737,109.238,113.762,118.896,123.651
elapsed,0.000,4.830,10.034,14.996,23.819,27.689,32.138,36.530,41.611,45.497,50.885,55.208,60.653,65.141,70.831,75.186,80.778,85.205,90.706,95.230,100.364,105.119
bitrate,2000,1401,800,800,800,800,400,400,400,400,400,400,400,400,400,400,400,400,400,400,400,400
framerate,29.97,29.97,29.97,29.97,29.97,29.97,29.97,29.97,29.97,29.97,29.97,29.97,29.97,29.97,29.97,29.97,29.97,29.97,29.97,29.97,29.97,29.97
bufferLevel,4.837,29.19,33.118,28.822,32.805,29.229,32.728,29.12,29.777,30.02,30.201,30.683,31.655,31.733,32.586,32.235,33.353,33.374,29.687,30.47,30.615,31.089
GMSD,0,0,0.98282,0,0.90348,0,0.85453,0,0.93833,0,0.94587,0,0.88577,0,0.81685,0,0.86742,0,0.92987,0,0.93945,0
bitrateSwitch,0,1,1,0,0,0,1,0,0,0,0,0,0,0,0,0,0,0,0,0,0,0
stalling,0,0,0,0,0,0,0,0,0,0,0,0,0,0,0,0,0,0,0,0,0,0
stallingTime (sec),0,0,0,0,0,0,0,0,0,0,0,0,0,0,0,0,0,0,0,0,0,0
Throughput (Kbps),8186,12543,3729,1487,2154,1300,2070,506,691,708,950,904,940,1126,1078,808,950,911,607,957,1065,943

IP,10.0.0.5
Attribute,HIGH
initTime,2023-04-14 13:31:07.841436
endTime,2023-04-14 13:33:21.972098
liveTime(sec),134.130662
startupDelay,975
Total stalling Event,0
player width,1280
player height,720
time,20.090,25.305,30.219,36.691,43.653,47.747,51.997,56.960,61.610,65.771,70.968,75.745,80.771,85.915,90.854,95.817,100.889,105.872,110.827,115.911
elapsed,0.000,5.215,10.129,16.601,23.563,27.657,31.907,36.870,41.520,45.681,50.878,55.655,60.681,65.825,70.764,75.727,80.799,85.782,90.737,95.821
bitrate,400,400,400,400,400,400,400,400,400,400,400,400,400,400,400,400,400,400,400,400
framerate,29.97,29.97,29.97,29.97,29.97,29.97,29.97,29.97,29.97,29.97,29.97,29.97,29.97,29.97,29.97,29.97,29.97,29.97,29.97,29.97
bufferLevel,31.137,20.165,27.6,16.899,24.349,28.586,20.386,29.422,18.14,27.068,14.637,23.566,32.179,20.648,28.835,16.608,24.99,32.465,20.696,29.491
GMSD,0,0,0.82883,0,0.90693,0,0.86855,0,0.84780,0,0.66551,0,0.93833,0,0.83389,0,0.81168,0,0.85869,0
bitrateSwitch,0,0,0,0,0,0,0,0,0,0,0,0,0,0,0,0,0,0,0,0
stalling,0,0,0,0,0,0,0,0,0,0,0,0,0,0,0,0,0,0,0,0
stallingTime (sec),0,0,0,0,0,0,0,0,0,0,0,0,0,0,0,0,0,0,0,0
Throughput (Kbps),4456,0,1529,0,1816,1019,305,1681,0,1122,0,1487,1581,0,1693,0,1581,1579,0,1598

IP,10.0.0.6
Attribute,HIGH
initTime,2023-04-14 13:31:08.526124
endTime,2023-04-14 13:33:21.972102
liveTime(sec),133.445978
startupDelay,655
Total stalling Event,0
player width,1280
player height,720
time,21.366,26.864,31.991,41.037,44.536,49.435,53.051,59.337,62.806,67.987,71.906,77.452,81.877,87.965,91.880,97.907,101.985,108.194,112.282,117.885
elapsed,0.000,5.498,10.625,19.671,23.170,28.069,31.685,37.971,41.440,46.621,50.540,56.086,60.511,66.599,70.514,76.541,80.619,86.828,90.916,96.519
bitrate,2000,1401,1401,800,800,800,400,400,400,400,400,400,400,400,400,400,400,400,400,400
framerate,29.97,29.97,29.97,29.97,29.97,29.97,29.97,29.97,29.97,29.97,29.97,29.97,29.97,29.97,29.97,29.97,29.97,29.97,29.97,29.97
bufferLevel,6.82,31.135,31.262,32.269,32.112,32.224,32.297,32.539,29.691,30.563,30.825,31.889,31.392,31.769,31.653,32.504,32.409,32.496,32.612,32.87
GMSD,0,0,0.89278,0,0.86988,0,0.92118,0,0.83670,0,0.86527,0,0.94093,0,0.92087,0,0.85729,0,0.86323,0
bitrateSwitch,0,1,0,1,0,0,1,0,0,0,0,0,0,0,0,0,0,0,0,0
stalling,0,0,0,0,0,0,0,0,0,0,0,0,0,0,0,0,0,0,0,0
stallingTime (sec),0,0,0,0,0,0,0,0,0,0,0,0,0,0,0,0,0,0,0,0
Throughput (Kbps),7765,12543,3067,2149,1471,1983,1724,853,505,601,947,866,1010,1033,1035,986,814,985,889,957

IP,10.0.0.45
Attribute,HIGH
initTime,2023-04-14 13:31:08.745622
endTime,2023-04-14 13:33:21.972104
liveTime(sec),133.226482
startupDelay,821
Total stalling Event,0
player width,1280
player height,720
time,21.283,26.978,31.487,40.772,44.487,49.097,53.051,58.968,62.406,67.208,71.790,77.234,81.656,87.446,91.814,97.223,101.684,107.355,112.054,117.665,121.537,127.198
elapsed,0.000,5.695,10.204,19.489,23.204,27.814,31.768,37.685,41.123,45.925,50.507,55.951,60.373,66.163,70.531,75.940,80.401,86.072,90.771,96.382,100.254,105.915
bitrate,2000,1401,1401,800,800,800,400,400,400,400,400,400,400,400,400,400,400,400,400,400,400,400
framerate,29.97,29.97,29.97,29.97,29.97,29.97,29.97,29.97,29.97,29.97,29.97,29.97,29.97,29.97,29.97,29.97,29.97,29.97,29.97,29.97,29.97,29.97
bufferLevel,6.176,30.352,30.839,31.558,31.748,32.029,32.535,28.815,33.146,30.122,30.012,29.384,29.981,30.628,30.201,30.546,30.697,30.474,30.573,29.894,30.827,31.247
GMSD,0,0,0.75998,0,0.87965,0,0.95850,0,0.93510,0,0.86818,0,0.91903,0,0.91853,0,0.86132,0,0.92573,0,0.82251,0
bitrateSwitch,0,1,0,1,0,0,1,0,0,0,0,0,0,0,0,0,0,0,0,0,0,0
stalling,0,0,0,0,0,0,0,0,0,0,0,0,0,0,0,0,0,0,0,0,0,0
stallingTime (sec),0,0,0,0,0,0,0,0,0,0,0,0,0,0,0,0,0,0,0,0,0,0
Throughput (Kbps),7765,12543,3067,2149,1471,1983,1724,593,951,415,947,866,1010,1033,1035,986,814,985,889,957,1065,943

IP,10.0.0.46
Attribute,HIGH
initTime,2023-04-14 13:31:10.011509
endTime,2023-04-14 13:33:21.972108
liveTime(sec),131.960599
startupDelay,458
Total stalling Event,0
player width,1280
player height,720
time,23.003,28.209,33.168,41.996,45.583,51.325,54.214,60.335,63.913,69.591,73.309,79.185,83.196,88.898,93.306,98.945,103.255,109.322,113.425,118.777,123.284,128.258
elapsed,0.000,5.206,10.165,18.993,22.580,28.322,31.211,37.332,40.910,46.588,50.306,56.182,60.193,65.895,70.303,75.942,80.252,86.319,90.422,95.774,100.281,105.255
bitrate,2000,1401,1401,800,800,800,400,400,400,400,400,400,400,400,400,400,400,400,400,400,400,400
framerate,29.97,29.97,29.97,29.97,29.97,29.97,29.97,29.97,29.97,29.97,29.97,29.97,29.97,29.97,29.97,29.97,29.97,29.97,29.97,29.97,29.97,29.97
bufferLevel,5.77,29.898,30.016,31.245,31.011,31.564,32.315,32.312,32.8,29.59,29.277,32.693,29.029,29.785,29.591,30.04,33.528,29.599,33.204,29.545,29.786,31.033
GMSD,0,0,0.98286,0,0.92490,0,0.94404,0,0.95099,0,0.86808,0,0.91813,0,0.91997,0,0.85770,0,0.92851,0,0.81505,0
bitrateSwitch,0,1,0,1,0,0,1,0,0,0,0,0,0,0,0,0,0,0,0,0,0,0
stalling,0,0,0,0,0,0,0,0,0,0,0,0,0,0,0,0,0,0,0,0,0,0
stallingTime (sec),0,0,0,0,0,0,0,0,0,0,0,0,0,0,0,0,0,0,0,0,0,0
Throughput (Kbps),7765,12543,3067,2149,1471,1983,1724,853,691,415,947,1199,678,1033,1035,986,1170,629,1254,592,1065,943

IP,10.0.0.31
Attribute,HIGH
initTime,2023-04-14 13:31:10.231010
endTime,2023-04-14 13:33:21.972111
liveTime(sec),131.741101
startupDelay,1271
Total stalling Event,0
player width,1280
player height,720
time,22.471,27.867,32.616,41.925,45.124,51.124,54.216,59.994,63.422,69.334,72.840,79.168,82.842,88.603,92.874,98.501,102.841,109.070,113.157,118.432,122.727
elapsed,0.000,5.396,10.145,19.454,22.653,28.653,31.745,37.523,40.951,46.863,50.369,56.697,60.371,66.132,70.403,76.030,80.370,86.599,90.686,95.961,100.256
bitrate,2000,1401,1401,800,800,800,400,400,400,400,400,400,400,400,400,400,400,400,400,400,400
framerate,29.97,29.97,29.97,29.97,29.97,29.97,29.97,29.97,29.97,29.97,29.97,29.97,29.97,29.97,29.97,29.97,29.97,29.97,29.97,29.97,29.97
bufferLevel,7.257,31.904,29.034,31.424,31.359,31.461,31.65,32.366,29.364,32.416,33.17,33.02,29.6,30.488,32.983,29.278,30.709,30.096,29.928,30.216,30.598
GMSD,0,0,0.78399,0,0.98714,0,0.92795,0,0.95271,0,0.92001,0,0.91007,0,0.79554,0,0.88487,0,0.87991,0,0.84127
bitrateSwitch,0,1,0,1,0,0,1,0,0,0,0,0,0,0,0,0,0,0,0,0,0
stalling,0,0,0,0,0,0,0,0,0,0,0,0,0,0,0,0,0,0,0,0,0
stallingTime (sec),0,0,0,0,0,0,0,0,0,0,0,0,0,0,0,0,0,0,0,0,0
Throughput (Kbps),7765,12543,1921,3296,1471,1983,1724,853,505,894,950,904,678,1033,1433,587,814,985,889,957,1065

IP,10.0.0.32
Attribute,HIGH
initTime,2023-04-14 13:31:11.191682
endTime,2023-04-14 13:33:21.972115
liveTime(sec),130.780433
startupDelay,1117
Total stalling Event,0
player width,1280
player height,720
time,23.668,28.882,33.829,42.835,46.047,51.556,55.658,61.025,64.364,70.406,74.104,79.844,84.137,89.641,94.102,99.992,104.092,110.337,114.372,119.413
elapsed,0.000,5.214,10.161,19.167,22.379,27.888,31.990,37.357,40.696,46.738,50.436,56.176,60.469,65.973,70.434,76.324,80.424,86.669,90.704,95.745
bitrate,2000,1401,1401,800,800,800,400,400,400,400,400,400,400,400,400,400,400,400,400,400
framerate,29.97,29.97,29.97,29.97,29.97,29.97,29.97,29.97,29.97,29.97,29.97,29.97,29.97,29.97,29.97,29.97,29.97,29.97,29.97,29.97
bufferLevel,6.859,31.496,30.97,31.773,30.584,30.336,30.862,31.834,31.757,31.251,31.821,32.477,33.311,32.819,31.872,32.501,29.742,29.192,29.579,33.466
GMSD,0,0,0.78584,0,0.82117,0,0.95100,0,0.94743,0,0.92001,0,0.88879,0,0.92392,0,0.93706,0,0.87535,0
bitrateSwitch,0,1,0,1,0,0,1,0,0,0,0,0,0,0,0,0,0,0,0,0
stalling,0,0,0,0,0,0,0,0,0,0,0,0,0,0,0,0,0,0,0,0
stallingTime (sec),0,0,0,0,0,0,0,0,0,0,0,0,0,0,0,0,0,0,0,0
Throughput (Kbps),7765,12543,3067,2149,1471,1983,1724,853,691,708,950,904,940,1126,1078,808,593,985,889,1321

IP,10.0.0.43
Attribute,HIGH
initTime,2023-04-14 13:31:11.656316
endTime,2023-04-14 13:33:21.972118
liveTime(sec),130.315802
startupDelay,1516
Total stalling Event,0
player width,1280
player height,720
time,24.219,29.102,34.358,42.925,46.296,52.305,55.178,61.583,64.619,70.342,74.332,80.066,84.354,90.007,94.379,101.031,104.425,110.225,116.777,120.015,126.472
elapsed,0.000,4.883,10.139,18.706,22.077,28.086,30.959,37.364,40.400,46.123,50.113,55.847,60.135,65.788,70.160,76.812,80.206,86.006,92.558,95.796,102.253
bitrate,2000,1401,1401,800,800,800,800,400,400,400,400,400,400,400,400,400,400,400,400,400,400
framerate,29.97,29.97,29.97,29.97,29.97,29.97,29.97,29.97,29.97,29.97,29.97,29.97,29.97,29.97,29.97,29.97,29.97,29.97,29.97,29.97,29.97
bufferLevel,3.872,33.1,29.54,29.182,29.897,30.497,32.072,32.983,30.194,29.497,29.199,29.782,30.606,32.03,31.987,31.899,32.04,29.129,32.908,32.474,32.592
GMSD,0,0,0.90487,0,0.87891,0,0.97254,0,0.96095,0,0.88360,0,0.91190,0,0.93646,0,0.88766,0,0.86885,0,0.89138
bitrateSwitch,0,1,0,1,0,0,0,1,0,0,0,0,0,0,0,0,0,0,0,0,0
stalling,0,0,0,0,0,0,0,0,0,0,0,0,0,0,0,0,0,0,0,0,0
stallingTime (sec),0,0,0,0,0,0,0,0,0,0,0,0,0,0,0,0,0,0,0,0,0
Throughput (Kbps),5899,14409,1921,2550,2021,1568,1927,1000,540,582,822,940,998,1046,956,1011,897,623,1201,1027,907

IP,10.0.0.44
Attribute,HIGH
initTime,2023-04-14 13:31:12.871607
endTime,2023-04-14 13:33:21.972122
liveTime(sec),129.100515
startupDelay,716
Total stalling Event,0
player width,1280
player height,720
time,26.170,31.002,39.741,44.390,47.410,53.491,57.172,62.205,66.791,71.659,76.742,81.356,87.605,91.421,100.014,101.497,106.659,111.768,119.702,121.357
elapsed,0.000,4.832,13.571,18.220,21.240,27.321,31.002,36.035,40.621,45.489,50.572,55.186,61.435,65.251,73.844,75.327,80.489,85.598,93.532,95.187
bitrate,2000,1401,1401,800,800,800,800,400,400,400,400,400,400,400,400,400,400,400,400,400
framerate,29.97,29.97,29.97,29.97,29.97,29.97,29.97,29.97,29.97,29.97,29.97,29.97,29.97,29.97,29.97,29.97,29.97,29.97,29.97,29.97
bufferLevel,6.813,31.805,31.892,32.214,32.641,33.23,30.977,31.461,31.485,32.666,31.476,32.532,33.17,31.082,30.488,30.704,31.256,31.238,31.497,31.031
GMSD,0,0,0.88688,0,0.90610,0,0.95076,0,0.95940,0,0.87929,0,0.93528,0,0.92382,0,0.88878,0,0.86506,0
bitrateSwitch,0,1,0,1,0,0,0,1,0,0,0,0,0,0,0,0,0,0,0,0
stalling,0,0,0,0,0,0,0,0,0,0,0,0,0,0,0,0,0,0,0,0
stallingTime (sec),0,0,0,0,0,0,0,0,0,0,0,0,0,0,0,0,0,0,0,0
Throughput (Kbps),7765,12543,3067,2149,1471,1983,1318,1000,765,601,947,866,1010,737,956,1011,897,914,910,1027

IP,10.0.0.49
Attribute,HIGH
initTime,2023-04-14 13:31:15.862345
endTime,2023-04-14 13:33:21.972126
liveTime(sec),126.109781
startupDelay,1068
Total stalling Event,0
player width,1280
player height,720
time,28.720,33.749,42.687,45.537,50.194,54.726,60.156,64.038,69.548,73.840,79.352,83.805,89.223,93.846,99.264,103.778,109.425,113.883,118.928
elapsed,0.000,5.029,13.967,16.817,21.474,26.006,31.436,35.318,40.828,45.120,50.632,55.085,60.503,65.126,70.544,75.058,80.705,85.163,90.208
bitrate,2000,1401,1401,800,800,800,400,400,400,400,400,400,400,400,400,400,400,400,400
framerate,29.97,29.97,29.97,29.97,29.97,29.97,29.97,29.97,29.97,29.97,29.97,29.97,29.97,29.97,29.97,29.97,29.97,29.97,29.97
bufferLevel,7.712,31.331,31.736,33.065,29.309,33.263,33.136,29.681,29.694,30.181,29.726,30.348,31.041,31.859,31.786,32.024,31.833,32.019,32.09
GMSD,0,0,0.91971,0,0.84527,0,0.96041,0,0.95821,0,0.86573,0,0.93306,0,0.92346,0,0.83325,0,0.89581
bitrateSwitch,0,1,0,1,0,0,1,0,0,0,0,0,0,0,0,0,0,0,0
stalling,0,0,0,0,0,0,0,0,0,0,0,0,0,0,0,0,0,0,0
stallingTime (sec),0,0,0,0,0,0,0,0,0,0,0,0,0,0,0,0,0,0,0
Throughput (Kbps),7765,12543,3067,2149,1276,2178,1724,593,765,601,947,866,1010,1033,1035,986,814,985,889

IP,10.0.0.41
Attribute,HIGH
initTime,2023-04-14 13:31:16.065041
endTime,2023-04-14 13:33:21.972129
liveTime(sec),125.907088
startupDelay,652
Total stalling Event,0
player width,1280
player height,720
time,29.025,34.271,42.631,46.323,51.000,55.488,60.522,64.536,69.889,74.310,79.990,84.182,90.025,94.298,100.117,104.309,109.943,114.362,119.367,124.200,129.065
elapsed,0.000,5.246,13.606,17.298,21.975,26.463,31.497,35.511,40.864,45.285,50.965,55.157,61.000,65.273,71.092,75.284,80.918,85.337,90.342,95.175,100.040
bitrate,2000,1401,1401,800,800,800,400,400,400,400,400,400,400,400,400,400,400,400,400,400,400
framerate,29.97,29.97,29.97,29.97,29.97,29.97,29.97,29.97,29.97,29.97,29.97,29.97,29.97,29.97,29.97,29.97,29.97,29.97,29.97,29.97,29.97
bufferLevel,5.776,30.178,30.515,30.236,31.704,31.688,32.581,32.502,32.076,33.116,32.475,32.465,32.254,32.857,32.764,32.3,30.007,30.353,30.417,31.144,31.55
GMSD,0,0,0.98420,0,0.84888,0,0.94181,0,0.94215,0,0.93046,0,0.90392,0,0.88341,0,0.86522,0,0.93890,0,0.94049
bitrateSwitch,0,1,0,1,0,0,1,0,0,0,0,0,0,0,0,0,0,0,0,0,0
stalling,0,0,0,0,0,0,0,0,0,0,0,0,0,0,0,0,0,0,0,0,0
stallingTime (sec),0,0,0,0,0,0,0,0,0,0,0,0,0,0,0,0,0,0,0,0,0
Throughput (Kbps),7765,12543,3067,2149,1471,1983,1724,853,691,708,950,904,940,1126,1078,808,593,985,889,957,1065

IP,10.0.0.9
Attribute,HIGH
initTime,2023-04-14 13:31:16.293498
endTime,2023-04-14 13:33:21.972132
liveTime(sec),125.678634
startupDelay,1382
Total stalling Event,0
player width,1280
player height,720
time,28.615,33.612,42.491,45.935,50.288,54.587,60.058,64.097,69.579,73.814,79.227,83.747,89.307,93.790,99.132,103.737,109.485,113.915,119.205,123.741
elapsed,0.000,4.997,13.876,17.320,21.673,25.972,31.443,35.482,40.964,45.199,50.612,55.132,60.692,65.175,70.517,75.122,80.870,85.300,90.590,95.126
bitrate,2000,1401,1401,800,800,800,400,400,400,400,400,400,400,400,400,400,400,400,400,400
framerate,29.97,29.97,29.97,29.97,29.97,29.97,29.97,29.97,29.97,29.97,29.97,29.97,29.97,29.97,29.97,29.97,29.97,29.97,29.97,29.97
bufferLevel,6.775,22.78,31.249,32.218,32.632,29.133,32.87,29.072,28.953,29.476,31.116,31.757,30.142,30.397,30.173,30.814,30.473,29.921,30.683,30.604
GMSD,0,0,0.98123,0,0.85337,0,0.89213,0,0.93951,0,0.94414,0,0.89449,0,0.89321,0,0.86551,0,0.92834,0
bitrateSwitch,0,1,0,1,0,0,1,0,0,0,0,0,0,0,0,0,0,0,0,0
stalling,0,0,0,0,0,0,0,0,0,0,0,0,0,0,0,0,0,0,0,0
stallingTime (sec),0,0,0,0,0,0,0,0,0,0,0,0,0,0,0,0,0,0,0,0
Throughput (Kbps),7765,11564,4046,2149,1471,1373,2334,593,765,601,947,866,1010,1033,1035,986,814,985,889,957

IP,10.0.0.10
Attribute,HIGH
initTime,2023-04-14 13:31:16.974678
endTime,2023-04-14 13:33:21.972135
liveTime(sec),124.997457
startupDelay,878
Total stalling Event,0
player width,1280
player height,720
time,30.023,35.252,43.485,47.207,51.591,56.314,61.347,65.158,70.696,75.047,80.386,85.075,90.375,95.476,100.366,105.154,110.596,115.402,120.074,125.068
elapsed,0.000,5.229,13.462,17.184,21.568,26.291,31.324,35.135,40.673,45.024,50.363,55.052,60.352,65.453,70.343,75.131,80.573,85.379,90.051,95.045
bitrate,2000,1401,1401,800,800,800,400,400,400,400,400,400,400,400,400,400,400,400,400,400
framerate,29.97,29.97,29.97,29.97,29.97,29.97,29.97,29.97,29.97,29.97,29.97,29.97,29.97,29.97,29.97,29.97,29.97,29.97,29.97,29.97
bufferLevel,5.958,30.065,30.325,31.27,31.695,32.215,31.762,32.27,32.138,33.124,30.355,29.467,30.368,29.515,29.278,29.565,33.421,29.749,30.229,30.27
GMSD,0,0,0.77605,0,0.86738,0,0.94842,0,0.92045,0,0.94450,0,0.91803,0,0.88768,0,0.86872,0,0.92874,0
bitrateSwitch,0,1,0,1,0,0,1,0,0,0,0,0,0,0,0,0,0,0,0,0
stalling,0,0,0,0,0,0,0,0,0,0,0,0,0,0,0,0,0,0,0,0
stallingTime (sec),0,0,0,0,0,0,0,0,0,0,0,0,0,0,0,0,0,0,0,0
Throughput (Kbps),7765,12543,3067,2149,1471,1983,1724,853,691,708,655,866,1010,1033,1035,986,1170,629,889,957

IP,10.0.0.50
Attribute,HIGH
initTime,2023-04-14 13:31:17.229634
endTime,2023-04-14 13:33:21.972165
liveTime(sec),124.742531
startupDelay,476
Total stalling Event,0
player width,1280
player height,720
time,30.299,37.519,43.946,47.674,51.796,57.006,61.575,65.941,71.365,75.910,80.816,86.046,90.898,95.973,101.232,105.770,111.233,115.790
elapsed,0.000,7.220,13.647,17.375,21.497,26.707,31.276,35.642,41.066,45.611,50.517,55.747,60.599,65.674,70.933,75.471,80.934,85.491
bitrate,2000,1401,1401,800,800,800,400,400,400,400,400,400,400,400,400,400,400,400
framerate,29.97,29.97,29.97,29.97,29.97,29.97,29.97,29.97,29.97,29.97,29.97,29.97,29.97,29.97,29.97,29.97,29.97,29.97
bufferLevel,5.725,30.423,30.61,31.768,31.766,31.794,31.701,32.793,32.895,32.433,32.409,33.091,29.717,29.953,30.579,30.92,30.349,30.847
GMSD,0,0,0.83308,0,0.90876,0,0.94609,0,0.95130,0,0.94356,0,0.91077,0,0.85355,0,0.83366,0
bitrateSwitch,0,1,0,1,0,0,1,0,0,0,0,0,0,0,0,0,0,0
stalling,0,0,0,0,0,0,0,0,0,0,0,0,0,0,0,0,0,0
stallingTime (sec),0,0,0,0,0,0,0,0,0,0,0,0,0,0,0,0,0,0
Throughput (Kbps),7765,12543,3067,2149,1471,1983,1724,853,691,708,950,904,678,1033,1035,986,814,985

IP,10.0.0.42
Attribute,HIGH
initTime,2023-04-14 13:31:17.425328
endTime,2023-04-14 13:33:21.972169
liveTime(sec),124.546841
startupDelay,309
Total stalling Event,0
player width,1280
player height,720
time,30.461,37.645,44.172,48.766,52.263,56.833,62.079,66.492,71.271,76.492,81.120,86.651,91.128,96.634,101.063,106.522,111.448,116.761,120.603,126.024
elapsed,0.000,7.184,13.711,18.305,21.802,26.372,31.618,36.031,40.810,46.031,50.659,56.190,60.667,66.173,70.602,76.061,80.987,86.300,90.142,95.563
bitrate,2000,1401,1401,800,800,800,400,400,400,400,400,400,400,400,400,400,400,400,400,400
framerate,29.97,29.97,29.97,29.97,29.97,29.97,29.97,29.97,29.97,29.97,29.97,29.97,29.97,29.97,29.97,29.97,29.97,29.97,29.97,29.97
bufferLevel,4.914,29.568,29.991,30.274,31.184,31.429,31.999,31.358,31.145,32.506,32.16,32.198,31.989,31.747,32.509,31.979,29.421,29.896,30.027,30.535
GMSD,0,0,0.78458,0,0.85835,0,0.94092,0,0.95174,0,0.94450,0,0.92010,0,0.87010,0,0.86656,0,0.92495,0
bitrateSwitch,0,1,0,1,0,0,1,0,0,0,0,0,0,0,0,0,0,0,0,0
stalling,0,0,0,0,0,0,0,0,0,0,0,0,0,0,0,0,0,0,0,0
stallingTime (sec),0,0,0,0,0,0,0,0,0,0,0,0,0,0,0,0,0,0,0,0
Throughput (Kbps),7765,12543,3067,2149,1471,1983,1724,853,691,708,950,904,940,1126,1078,808,593,985,889,957

IP,10.0.0.3
Attribute,HIGH
initTime,2023-04-14 13:31:17.668641
endTime,2023-04-14 13:33:21.972172
liveTime(sec),124.303531
startupDelay,1695
Total stalling Event,0
player width,1280
player height,720
time,29.587,34.694,43.400,46.595,51.586,55.580,61.006,64.988,70.427,74.921,80.137,84.811,90.167,94.834,100.213,104.928,110.364
elapsed,0.000,5.107,13.813,17.008,21.999,25.993,31.419,35.401,40.840,45.334,50.550,55.224,60.580,65.247,70.626,75.341,80.777
bitrate,2000,1401,1401,800,800,800,400,400,400,400,400,400,400,400,400,400,400
framerate,29.97,29.97,29.97,29.97,29.97,29.97,29.97,29.97,29.97,29.97,29.97,29.97,29.97,29.97,29.97,29.97,29.97
bufferLevel,5.135,9.479,32.312,28.278,32.322,32.783,31.894,31.878,32.375,29.809,29.036,29.499,29.771,33.662,30.406,31.86,31.337
GMSD,0,0,0.93494,0,0.82760,0,0.95111,0,0.94901,0,0.89336,0,0.89362,0,0.79888,0,0.86725
bitrateSwitch,0,1,0,1,0,0,1,0,0,0,0,0,0,0,0,0,0
stalling,0,0,0,0,0,0,0,0,0,0,0,0,0,0,0,0,0
stallingTime (sec),0,0,0,0,0,0,0,0,0,0,0,0,0,0,0,0,0
Throughput (Kbps),5899,6388,11088,1404,2217,1983,1724,853,691,601,1243,571,1010,1388,680,986,814

IP,10.0.0.4
Attribute,HIGH
initTime,2023-04-14 13:31:17.978400
endTime,2023-04-14 13:33:21.972175
liveTime(sec),123.993775
startupDelay,798
Total stalling Event,0
player width,1280
player height,720
time,30.964,39.951,44.476,49.863,53.813,59.280,63.143,68.979,72.443,77.899,82.103,87.964,92.250,98.155,102.241,108.696,112.529
elapsed,0.000,8.987,13.512,18.899,22.849,28.316,32.179,38.015,41.479,46.935,51.139,57.000,61.286,67.191,71.277,77.732,81.565
bitrate,2000,1401,800,800,800,800,400,400,400,400,400,400,400,400,400,400,400
framerate,29.97,29.97,29.97,29.97,29.97,29.97,29.97,29.97,29.97,29.97,29.97,29.97,29.97,29.97,29.97,29.97,29.97
bufferLevel,7.055,23.235,29.506,29.482,32.138,31.678,31.843,28.454,33.205,32.388,28.793,33.171,29.352,30.088,30.506,27.356,31.461
GMSD,0,0,0.69248,0,0.73812,0,0.84643,0,0.94972,0,0.89137,0,0.89052,0,0.78267,0,0.86635
bitrateSwitch,0,1,1,0,0,0,1,0,0,0,0,0,0,0,0,0,0
stalling,0,0,0,0,0,0,0,0,0,0,0,0,0,0,0,0,0
stallingTime (sec),0,0,0,0,0,0,0,0,0,0,0,0,0,0,0,0,0
Throughput (Kbps),7765,11564,4048,2148,2154,1988,1382,786,582,822,665,1273,571,1126,1078,587,1170

IP,10.0.0.19
Attribute,HIGH
initTime,2023-04-14 13:31:18.264852
endTime,2023-04-14 13:33:21.972178
liveTime(sec),123.707326
startupDelay,1306
Total stalling Event,0
player width,1280
player height,720
time,30.445,37.700,44.273,48.228,52.337,56.521,61.912,66.089,71.614,76.217,81.141,86.404,91.149,96.302,101.341,106.299,111.448,116.566,120.847,125.873,130.644,135.610
elapsed,0.000,7.255,13.828,17.783,21.892,26.076,31.467,35.644,41.169,45.772,50.696,55.959,60.704,65.857,70.896,75.854,81.003,86.121,90.402,95.428,100.199,105.165
bitrate,2000,1401,1401,800,800,800,400,400,400,400,400,400,400,400,400,400,400,400,400,400,400,400
framerate,29.97,29.97,29.97,29.97,29.97,29.97,29.97,29.97,29.97,29.97,29.97,29.97,29.97,29.97,29.97,29.97,29.97,29.97,29.97,29.97,29.97,29.97
bufferLevel,7.342,29.885,30.565,31.306,30.949,30.516,30.614,30.603,30.486,30.654,31.765,30.908,32.129,32.527,32.36,29.698,30.061,29.861,33.228,30.138,30.797,30.443
GMSD,0,0,0.76624,0,0.98520,0,0.97861,0,0.93274,0,0.89619,0,0.87641,0,0.82261,0,0.86749,0,0.86846,0,0.91715,0
bitrateSwitch,0,1,0,1,0,0,1,0,0,0,0,0,0,0,0,0,0,0,0,0,0,0
stalling,0,0,0,0,0,0,0,0,0,0,0,0,0,0,0,0,0,0,0,0,0,0
stallingTime (sec),0,0,0,0,0,0,0,0,0,0,0,0,0,0,0,0,0,0,0,0,0,0
Throughput (Kbps),7765,12543,3067,2149,1471,1983,1724,853,691,708,950,904,940,1126,1078,587,814,985,1254,592,1065,943

IP,10.0.0.20
Attribute,HIGH
initTime,2023-04-14 13:31:18.776019
endTime,2023-04-14 13:33:21.972180
liveTime(sec),123.196161
startupDelay,583
Total stalling Event,0
player width,1280
player height,720
time,31.975,40.836,44.669,49.900,54.040,59.591,62.469,69.021,72.550,77.686,82.197,88.577,92.279,97.987,102.324,108.283,112.723,118.046,121.985,127.395,131.864,136.867
elapsed,0.000,8.861,12.694,17.925,22.065,27.616,30.494,37.046,40.575,45.711,50.222,56.602,60.304,66.012,70.349,76.308,80.748,86.071,90.010,95.420,99.889,104.892
bitrate,2000,1401,800,800,800,800,400,400,400,400,400,400,400,400,400,400,400,400,400,400,400,400
framerate,29.97,29.97,29.97,29.97,29.97,29.97,29.97,29.97,29.97,29.97,29.97,29.97,29.97,29.97,29.97,29.97,29.97,29.97,29.97,29.97,29.97,29.97
bufferLevel,5.136,29.102,29.361,30.551,32.967,31.939,32.638,32.309,32.332,32.365,33.177,30.229,30.456,29.609,30.526,32.301,31.765,31.528,32.106,32.376,32.578,32.292
GMSD,0,0,0.71196,0,0.91996,0,0.87656,0,0.94159,0,0.85410,0,0.87621,0,0.91078,0,0.86630,0,0.86315,0,0.82604,0
bitrateSwitch,0,1,1,0,0,0,1,0,0,0,0,0,0,0,0,0,0,0,0,0,0,0
stalling,0,0,0,0,0,0,0,0,0,0,0,0,0,0,0,0,0,0,0,0,0,0
stallingTime (sec),0,0,0,0,0,0,0,0,0,0,0,0,0,0,0,0,0,0,0,0,0,0
Throughput (Kbps),8593,12543,2612,2148,2154,1988,1074,786,582,822,940,629,940,1126,1078,808,950,911,973,955,1052,879

IP,10.0.0.25
Attribute,HIGH
initTime,2023-04-14 13:31:21.537610
endTime,2023-04-14 13:33:21.972183
liveTime(sec),120.434573
startupDelay,1623
Total stalling Event,0
player width,1280
player height,720
time,33.758,42.484,46.243,50.574,54.735,60.253,64.317,70.717,73.918,79.458,83.840,89.574,93.879,99.525,103.890,109.624,114.137,119.214,123.833,128.800,133.843
elapsed,0.000,8.726,12.485,16.816,20.977,26.495,30.559,36.959,40.160,45.700,50.082,55.816,60.121,65.767,70.132,75.866,80.379,85.456,90.075,95.042,100.085
bitrate,2000,1401,1401,800,800,800,400,400,400,400,400,400,400,400,400,400,400,400,400,400,400
framerate,29.97,29.97,29.97,29.97,29.97,29.97,29.97,29.97,29.97,29.97,29.97,29.97,29.97,29.97,29.97,29.97,29.97,29.97,29.97,29.97,29.97
bufferLevel,8.243,28.867,32.723,32.587,32.454,32.677,29.747,29.378,30.253,30.982,30.863,31.569,32.238,32.436,32.035,32.985,32.833,33.246,32.737,29.209,33.115
GMSD,0,0,0.80669,0,0.98465,0,0.94908,0,0.94454,0,0.94490,0,0.93493,0,0.91813,0,0.83366,0,0.94416,0,0.94172
bitrateSwitch,0,1,0,1,0,0,1,0,0,0,0,0,0,0,0,0,0,0,0,0,0
stalling,0,0,0,0,0,0,0,0,0,0,0,0,0,0,0,0,0,0,0,0,0
stallingTime (sec),0,0,0,0,0,0,0,0,0,0,0,0,0,0,0,0,0,0,0,0,0
Throughput (Kbps),7765,11564,4046,2149,1471,1983,1724,593,765,601,947,866,1010,1033,1035,986,814,985,889,709,1313

IP,10.0.0.26
Attribute,HIGH
initTime,2023-04-14 13:31:22.476780
endTime,2023-04-14 13:33:21.972186
liveTime(sec),119.495406
startupDelay,922
Total stalling Event,0
player width,1280
player height,720
time,36.316,43.542,47.349,52.628,55.977,61.488,65.945,71.276,75.765,80.798,85.907,90.748,95.720,100.616,105.670,111.441,115.769,120.502,125.626,130.364,135.319
elapsed,0.000,7.226,11.033,16.312,19.661,25.172,29.629,34.960,39.449,44.482,49.591,54.432,59.404,64.300,69.354,75.125,79.453,84.186,89.310,94.048,99.003
bitrate,2000,1401,1401,800,800,800,400,400,400,400,400,400,400,400,400,400,400,400,400,400,400
framerate,29.97,29.97,29.97,29.97,29.97,29.97,29.97,29.97,29.97,29.97,29.97,29.97,29.97,29.97,29.97,29.97,29.97,29.97,29.97,29.97,29.97
bufferLevel,6.967,31.67,31.265,31.082,31.661,32.155,32.138,31.897,32.43,29.189,29.483,29.914,30.38,30.648,30.25,30.891,31.23,31.39,31.024,31.779,31.188
GMSD,0,0,0.79910,0,0.78328,0,0.95984,0,0.94659,0,0.88958,0,0.91813,0,0.82881,0,0.85883,0,0.88804,0,0.94049
bitrateSwitch,0,1,0,1,0,0,1,0,0,0,0,0,0,0,0,0,0,0,0,0,0
stalling,0,0,0,0,0,0,0,0,0,0,0,0,0,0,0,0,0,0,0,0,0
stallingTime (sec),0,0,0,0,0,0,0,0,0,0,0,0,0,0,0,0,0,0,0,0,0
Throughput (Kbps),7765,12543,3067,2149,1471,1983,1724,853,691,415,947,866,1010,1033,1035,986,814,985,889,957,1065

IP,10.0.0.37
Attribute,HIGH
initTime,2023-04-14 13:31:22.895548
endTime,2023-04-14 13:33:21.972189
liveTime(sec),119.076641
startupDelay,1477
Total stalling Event,0
player width,1280
player height,720
time,36.368,43.462,47.379,51.852,56.839,61.246,65.535,71.213,75.438,80.551,85.870,90.446,95.630,100.603,105.461,110.774,115.441,120.303
elapsed,0.000,7.094,11.011,15.484,20.471,24.878,29.167,34.845,39.070,44.183,49.502,54.078,59.262,64.235,69.093,74.406,79.073,83.935
bitrate,2000,1401,800,800,800,800,400,400,400,400,400,400,400,400,400,400,400,400
framerate,29.97,29.97,29.97,29.97,29.97,29.97,29.97,29.97,29.97,29.97,29.97,29.97,29.97,29.97,29.97,29.97,29.97,29.97
bufferLevel,7.883,31.959,32.869,32.338,33.091,33.059,29.198,30.454,30.984,31.137,30.591,30.405,31.437,31.165,31.484,32.019,32.599,29.956
GMSD,0,0,0.80058,0,0.98563,0,0.95980,0,0.95130,0,0.86344,0,0.90466,0,0.83313,0,0.85662,0
bitrateSwitch,0,1,1,0,0,0,1,0,0,0,0,0,0,0,0,0,0,0
stalling,0,0,0,0,0,0,0,0,0,0,0,0,0,0,0,0,0,0
stallingTime (sec),0,0,0,0,0,0,0,0,0,0,0,0,0,0,0,0,0,0
Throughput (Kbps),7765,12068,2612,2148,1471,1983,1012,998,765,601,947,866,1010,1033,1035,986,814,647

IP,10.0.0.38
Attribute,HIGH
initTime,2023-04-14 13:31:23.242881
endTime,2023-04-14 13:33:21.972192
liveTime(sec),118.729311
startupDelay,856
Total stalling Event,0
player width,1280
player height,720
time,40.040,44.597,47.512,53.691,58.698,62.662,67.993,72.155,77.487,81.943,88.005,91.801,97.491,101.750,107.459,112.159,117.153
elapsed,0.000,4.557,7.472,13.651,18.658,22.622,27.953,32.115,37.447,41.903,47.965,51.761,57.451,61.710,67.419,72.119,77.113
bitrate,2000,1401,1401,800,800,800,400,400,400,400,400,400,400,400,400,400,400
framerate,29.97,29.97,29.97,29.97,29.97,29.97,29.97,29.97,29.97,29.97,29.97,29.97,29.97,29.97,29.97,29.97,29.97
bufferLevel,6.385,30.424,31.591,29.778,31.134,31.453,30.976,31.95,32.675,32.545,32.638,32.469,28.83,29.37,29.586,29.839,30.364
GMSD,0,0,0.81201,0,0.98578,0,0.92399,0,0.94658,0,0.94555,0,0.90511,0,0.91923,0,0.86542
bitrateSwitch,0,1,0,1,0,0,1,0,0,0,0,0,0,0,0,0,0
stalling,0,0,0,0,0,0,0,0,0,0,0,0,0,0,0,0,0
stallingTime (sec),0,0,0,0,0,0,0,0,0,0,0,0,0,0,0,0,0
Throughput (Kbps),7765,12543,3067,2149,1471,1983,1724,853,691,708,950,904,940,771,1035,986,814

IP,10.0.0.47
Attribute,HIGH
initTime,2023-04-14 13:31:25.681587
endTime,2023-04-14 13:33:21.972195
liveTime(sec),116.290608
startupDelay,1901
Total stalling Event,0
player width,1280
player height,720
time,42.251,45.335,50.196,54.113,59.652,63.575,69.090,73.278,79.009,83.160,88.816,93.167,98.748,103.242,109.017,113.370,118.816,123.183,128.214
elapsed,0.000,3.084,7.945,11.862,17.401,21.324,26.839,31.027,36.758,40.909,46.565,50.916,56.497,60.991,66.766,71.119,76.565,80.932,85.963
bitrate,2000,1401,1401,800,800,800,800,400,400,400,400,400,400,400,400,400,400,400,400
framerate,29.97,29.97,29.97,29.97,29.97,29.97,29.97,29.97,29.97,29.97,29.97,29.97,29.97,29.97,29.97,29.97,29.97,29.97,29.97
bufferLevel,4.26,17.754,30.578,30.821,30.914,30.801,31.541,31.204,31.997,31.258,31.796,32.215,32.543,32.148,28.85,32.923,33.306,33.77,30.311
GMSD,0,0,0.88051,0,0.89072,0,0.94866,0,0.95478,0,0.86509,0,0.93342,0,0.91300,0,0.82209,0,0.86478
bitrateSwitch,0,1,0,1,0,0,0,1,0,0,0,0,0,0,0,0,0,0,0
stalling,0,0,0,0,0,0,0,0,0,0,0,0,0,0,0,0,0,0,0
stallingTime (sec),0,0,0,0,0,0,0,0,0,0,0,0,0,0,0,0,0,0,0
Throughput (Kbps),5899,11160,5170,2550,2021,1568,1927,1000,765,601,947,866,1010,1033,660,1360,814,985,571

IP,10.0.0.1
Attribute,HIGH
initTime,2023-04-14 13:31:26.500719
endTime,2023-04-14 13:33:21.972198
liveTime(sec),115.471479
startupDelay,1781
Total stalling Event,0
player width,1280
player height,720
time,42.848,45.622,50.903,55.362,60.137,64.325,69.852,74.061,79.440,83.946,89.625,93.913,99.352,104.074,109.744,114.095,119.257,123.893
elapsed,0.000,2.774,8.055,12.514,17.289,21.477,27.004,31.213,36.592,41.098,46.777,51.065,56.504,61.226,66.896,71.247,76.409,81.045
bitrate,2000,2000,2000,2000,1401,800,800,800,800,400,400,400,400,400,400,400,400,400
framerate,29.97,29.97,29.97,29.97,29.97,29.97,29.97,29.97,29.97,29.97,29.97,29.97,29.97,29.97,29.97,29.97,29.97,29.97
bufferLevel,12.463,5.063,29.265,16.865,20.213,32.503,31.644,32.526,32.023,33.107,33.224,30.338,29.8,30.331,30.871,30.969,31.927,30.27
GMSD,0,0,0.67524,0,0.80400,0,0.97136,0,0.97482,0,0.97992,0,0.88623,0,0.92064,0,0.86863,0
bitrateSwitch,0,0,0,0,1,1,0,0,0,1,0,0,0,0,0,0,0,0
stalling,0,0,0,0,0,0,0,0,0,0,0,0,0,0,0,0,0,0
stallingTime (sec),0,0,0,0,0,0,0,0,0,0,0,0,0,0,0,0,0,0
Throughput (Kbps),3646,3629,16066,5554,10674,4437,2088,1785,1448,896,950,571,1010,1033,1035,986,814,647

IP,10.0.0.11
Attribute,HIGH
initTime,2023-04-14 13:31:26.894398
endTime,2023-04-14 13:33:21.972219
liveTime(sec),115.077821
startupDelay,1397
Total stalling Event,0
player width,1280
player height,720
time,42.905,46.242,50.979,54.833,60.387,64.509,69.858,74.081,79.927,84.062,89.618,94.049,99.539,104.137,109.657,114.257,119.340
elapsed,0.000,3.337,8.074,11.928,17.482,21.604,26.953,31.176,37.022,41.157,46.713,51.144,56.634,61.232,66.752,71.352,76.435
bitrate,2000,2000,1401,800,800,800,800,400,400,400,400,400,400,400,400,400,400
framerate,29.97,29.97,29.97,29.97,29.97,29.97,29.97,29.97,29.97,29.97,29.97,29.97,29.97,29.97,29.97,29.97,29.97
bufferLevel,19.169,7.917,31.517,32.471,32.473,29.004,33.142,30.12,33.782,30.111,31.212,30.751,31.128,31.485,31.833,31.648,31.627
GMSD,0,0,0.70485,0,0.68688,0,0.67521,0,0.67019,0,0.94624,0,0.93493,0,0.81382,0,0.84993
bitrateSwitch,0,0,1,1,0,0,0,1,0,0,0,0,0,0,0,0,0
stalling,0,0,0,0,0,0,0,0,0,0,0,0,0,0,0,0,0
stallingTime (sec),0,0,0,0,0,0,0,0,0,0,0,0,0,0,0,0,0
Throughput (Kbps),8841,40208,13126,3165,1471,1373,2697,987,951,415,947,866,1010,1033,1035,986,814

IP,10.0.0.13
Attribute,HIGH
initTime,2023-04-14 13:31:27.301683
endTime,2023-04-14 13:33:21.972223
liveTime(sec),114.67054
startupDelay,1392
Total stalling Event,0
player width,1280
player height,720
time,42.834,46.387,52.069,54.853,61.552,64.682,70.135,74.310,79.646,84.343,89.914,94.232,99.661,104.298,109.950,114.320,119.470,124.194,129.016
elapsed,0.000,3.553,9.235,12.019,18.718,21.848,27.301,31.476,36.812,41.509,47.080,51.398,56.827,61.464,67.116,71.486,76.636,81.360,86.182
bitrate,2000,1401,1401,800,800,800,400,400,400,400,400,400,400,400,400,400,400,400,400
framerate,29.97,29.97,29.97,29.97,29.97,29.97,29.97,29.97,29.97,29.97,29.97,29.97,29.97,29.97,29.97,29.97,29.97,29.97,29.97
bufferLevel,7.327,31.022,31.966,32.326,32.128,31.986,32.084,32.576,29.696,29.589,30.031,29.227,32.985,30.092,30.251,30.409,31.008,31.369,31.74
GMSD,0,0,0.80823,0,0.88915,0,0.93459,0,0.94934,0,0.89416,0,0.91959,0,0.92032,0,0.86703,0,0.94095
bitrateSwitch,0,1,0,1,0,0,1,0,0,0,0,0,0,0,0,0,0,0,0
stalling,0,0,0,0,0,0,0,0,0,0,0,0,0,0,0,0,0,0,0
stallingTime (sec),0,0,0,0,0,0,0,0,0,0,0,0,0,0,0,0,0,0,0
Throughput (Kbps),7765,12543,3067,2149,1471,1983,1724,853,505,601,947,866,1272,771,1035,986,814,985,889

IP,10.0.0.15
Attribute,HIGH
initTime,2023-04-14 13:31:27.648662
endTime,2023-04-14 13:33:21.972226
liveTime(sec),114.323564
startupDelay,1463
Total stalling Event,0
player width,1280
player height,720
time,43.002,46.464,52.165,55.761,61.348,64.815,70.257,74.334,80.031,84.317,89.796,94.325,99.863,104.370,110.015,114.420,119.618,124.294,129.121,134.098
elapsed,0.000,3.462,9.163,12.759,18.346,21.813,27.255,31.332,37.029,41.315,46.794,51.323,56.861,61.368,67.013,71.418,76.616,81.292,86.119,91.096
bitrate,2000,1401,1401,800,800,800,400,400,400,400,400,400,400,400,400,400,400,400,400,400
framerate,29.97,29.97,29.97,29.97,29.97,29.97,29.97,29.97,29.97,29.97,29.97,29.97,29.97,29.97,29.97,29.97,29.97,29.97,29.97,29.97
bufferLevel,7.704,32.04,32.658,31.947,31.539,31.538,31.596,31.939,32.315,32.537,31.847,32.042,31.735,31.667,31.895,32.329,32.804,32.867,30.729,30.733
GMSD,0,0,0.77664,0,0.98520,0,0.95404,0,0.94392,0,0.91890,0,0.89108,0,0.88142,0,0.91488,0,0.86428,0
bitrateSwitch,0,1,0,1,0,0,1,0,0,0,0,0,0,0,0,0,0,0,0,0
stalling,0,0,0,0,0,0,0,0,0,0,0,0,0,0,0,0,0,0,0,0
stallingTime (sec),0,0,0,0,0,0,0,0,0,0,0,0,0,0,0,0,0,0,0,0
Throughput (Kbps),7765,12543,3067,2149,1471,1983,1724,853,691,708,950,904,940,1126,1078,808,950,911,607,957

IP,10.0.0.29
Attribute,HIGH
initTime,2023-04-14 13:31:27.990961
endTime,2023-04-14 13:33:21.972229
liveTime(sec),113.981268
startupDelay,1728
Total stalling Event,0
player width,1280
player height,720
time,42.966,47.136,52.523,55.411,60.833,64.898,70.508,74.591,80.095,84.409,90.182,94.629,100.319,104.555,110.333,114.553,119.732,124.415
elapsed,0.000,4.170,9.557,12.445,17.867,21.932,27.542,31.625,37.129,41.443,47.216,51.663,57.353,61.589,67.367,71.587,76.766,81.449
bitrate,2000,1401,1401,800,800,800,400,400,400,400,400,400,400,400,400,400,400,400
framerate,29.97,29.97,29.97,29.97,29.97,29.97,29.97,29.97,29.97,29.97,29.97,29.97,29.97,29.97,29.97,29.97,29.97,29.97
bufferLevel,3.802,32.169,32.096,32.088,32.211,32.479,32.143,32.517,32.36,31.741,32.325,33.328,29.59,33.408,29.411,32.958,33.077,32.863
GMSD,0,0,0.98378,0,0.80528,0,0.95901,0,0.94968,0,0.91376,0,0.87782,0,0.92470,0,0.91797,0
bitrateSwitch,0,1,0,1,0,0,1,0,0,0,0,0,0,0,0,0,0,0
stalling,0,0,0,0,0,0,0,0,0,0,0,0,0,0,0,0,0,0
stallingTime (sec),0,0,0,0,0,0,0,0,0,0,0,0,0,0,0,0,0,0
Throughput (Kbps),5899,14409,3067,2149,1471,1983,1724,853,691,708,950,904,678,1388,680,1206,950,911

IP,10.0.0.23
Attribute,HIGH
initTime,2023-04-14 13:31:28.428400
endTime,2023-04-14 13:33:21.972233
liveTime(sec),113.543833
startupDelay,1895
Total stalling Event,0
player width,1280
player height,720
time,43.361,46.469,52.421,55.168,60.784,64.881,70.430,74.409,80.343,84.745,90.036,94.530,100.123,104.462,110.310,114.576,119.797,124.532,129.209,134.203
elapsed,0.000,3.108,9.060,11.807,17.423,21.520,27.069,31.048,36.982,41.384,46.675,51.169,56.762,61.101,66.949,71.215,76.436,81.171,85.848,90.842
bitrate,2000,1401,1401,800,800,800,400,400,400,400,400,400,400,400,400,400,400,400,400,400
framerate,29.97,29.97,29.97,29.97,29.97,29.97,29.97,29.97,29.97,29.97,29.97,29.97,29.97,29.97,29.97,29.97,29.97,29.97,29.97,29.97
bufferLevel,5.119,8.38,32.153,31.905,32.406,31.728,32.497,29.692,33.376,30.118,29.944,30.344,30.886,31.823,31.742,31.844,32.092,32.202,32.089,33.822
GMSD,0,0,0.86866,0,0.81606,0,0.93864,0,0.94988,0,0.89856,0,0.88979,0,0.87738,0,0.86037,0,0.92495,0
bitrateSwitch,0,1,0,1,0,0,1,0,0,0,0,0,0,0,0,0,0,0,0,0
stalling,0,0,0,0,0,0,0,0,0,0,0,0,0,0,0,0,0,0,0,0
stallingTime (sec),0,0,0,0,0,0,0,0,0,0,0,0,0,0,0,0,0,0,0,0
Throughput (Kbps),5899,6388,11088,2149,1471,1983,1724,998,951,415,947,866,1010,1033,1035,986,814,985,889,957

IP,10.0.0.48
Attribute,HIGH
initTime,2023-04-14 13:31:28.894402
endTime,2023-04-14 13:33:21.972236
liveTime(sec),113.077834
startupDelay,1039
Total stalling Event,0
player width,1280
player height,720
time,43.134,47.011,52.588,56.237,61.024,65.112,70.511,74.965,80.428,84.925,90.250,94.940,100.317,105.047,110.427,114.965,119.915,124.957
elapsed,0.000,3.877,9.454,13.103,17.890,21.978,27.377,31.831,37.294,41.791,47.116,51.806,57.183,61.913,67.293,71.831,76.781,81.823
bitrate,2000,1401,1401,800,800,800,800,400,400,400,400,400,400,400,400,400,400,400
framerate,29.97,29.97,29.97,29.97,29.97,29.97,29.97,29.97,29.97,29.97,29.97,29.97,29.97,29.97,29.97,29.97,29.97,29.97
bufferLevel,6.937,28.16,32.873,28.931,29.36,29.159,29.908,29.515,30.199,29.51,30.511,31.218,30.565,30.755,31.148,31.802,32.237,31.975
GMSD,0,0,0.93270,0,0.88063,0,0.93826,0,0.95670,0,0.86608,0,0.93748,0,0.91650,0,0.87800,0
bitrateSwitch,0,1,0,1,0,0,0,1,0,0,0,0,0,0,0,0,0,0
stalling,0,0,0,0,0,0,0,0,0,0,0,0,0,0,0,0,0,0
stallingTime (sec),0,0,0,0,0,0,0,0,0,0,0,0,0,0,0,0,0,0
Throughput (Kbps),7765,11564,4046,1404,2021,1568,1927,1000,765,601,947,866,1010,1033,1035,986,814,985

IP,10.0.0.24
Attribute,HIGH
initTime,2023-04-14 13:31:29.317130
endTime,2023-04-14 13:33:21.972239
liveTime(sec),112.655109
startupDelay,1243
Total stalling Event,0
player width,1280
player height,720
time,43.665,47.399,53.449,57.880,62.464,67.059,71.795,76.874,81.211,87.335,91.464,96.967,101.345,107.182,111.657,116.988,121.010,126.664,130.882,135.865
elapsed,0.000,3.734,9.784,14.215,18.799,23.394,28.130,33.209,37.546,43.670,47.799,53.302,57.680,63.517,67.992,73.323,77.345,82.999,87.217,92.200
bitrate,2000,1401,800,800,800,800,400,400,400,400,400,400,400,400,400,400,400,400,400,400
framerate,29.97,29.97,29.97,29.97,29.97,29.97,29.97,29.97,29.97,29.97,29.97,29.97,29.97,29.97,29.97,29.97,29.97,29.97,29.97,29.97
bufferLevel,6.211,19.019,33.034,29.134,30.067,29.018,33.884,30.049,30.552,30.626,31.199,32.105,32.168,29.271,33.144,29.411,29.766,29.582,30.162,31.179
GMSD,0,0,0.81465,0,0.86528,0,0.93937,0,0.95063,0,0.91471,0,0.91933,0,0.88885,0,0.86111,0,0.93604,0
bitrateSwitch,0,1,1,0,0,0,1,0,0,0,0,0,0,0,0,0,0,0,0,0
stalling,0,0,0,0,0,0,0,0,0,0,0,0,0,0,0,0,0,0,0,0
stallingTime (sec),0,0,0,0,0,0,0,0,0,0,0,0,0,0,0,0,0,0,0,0
Throughput (Kbps),7765,8819,6522,1487,1471,1983,1764,506,691,708,950,904,940,771,1433,587,814,985,889,957

IP,10.0.0.14
Attribute,HIGH
initTime,2023-04-14 13:31:29.702264
endTime,2023-04-14 13:33:21.972242
liveTime(sec),112.269978
startupDelay,771
Total stalling Event,0
player width,1280
player height,720
time,43.846,47.862,52.874,57.097,61.785,66.231,71.265,76.076,80.919,86.045,91.198,96.647,101.208,106.172,111.317,116.265,120.754,125.717,130.605
elapsed,0.000,4.016,9.028,13.251,17.939,22.385,27.419,32.230,37.073,42.199,47.352,52.801,57.362,62.326,67.471,72.419,76.908,81.871,86.759
bitrate,2000,1401,1401,800,800,800,400,400,400,400,400,400,400,400,400,400,400,400,400
framerate,29.97,29.97,29.97,29.97,29.97,29.97,29.97,29.97,29.97,29.97,29.97,29.97,29.97,29.97,29.97,29.97,29.97,29.97,29.97
bufferLevel,6.289,30.122,30.86,31.722,29.891,30.503,30.375,30.899,31.535,31.788,31.161,31.122,31.943,32.315,31.834,32.689,29.085,29.582,33.762
GMSD,0,0,0.76860,0,0.88045,0,0.90899,0,0.94778,0,0.94352,0,0.91871,0,0.83589,0,0.86573,0,0.93575
bitrateSwitch,0,1,0,1,0,0,1,0,0,0,0,0,0,0,0,0,0,0,0
stalling,0,0,0,0,0,0,0,0,0,0,0,0,0,0,0,0,0,0,0
stallingTime (sec),0,0,0,0,0,0,0,0,0,0,0,0,0,0,0,0,0,0,0
Throughput (Kbps),7765,12543,3067,2149,1471,1983,1724,853,691,708,950,904,940,1126,1078,808,593,985,1254

IP,10.0.0.12
Attribute,HIGH
initTime,2023-04-14 13:31:30.037704
endTime,2023-04-14 13:33:21.972245
liveTime(sec),111.934541
startupDelay,512
Total stalling Event,0
player width,1280
player height,720
time,43.565,47.457,51.722,56.624,61.194,65.571,70.784,75.409,80.554,85.412,90.700,95.507,100.550,105.582,110.755,115.535,120.336
elapsed,0.000,3.892,8.157,13.059,17.629,22.006,27.219,31.844,36.989,41.847,47.135,51.942,56.985,62.017,67.190,71.970,76.771
bitrate,2000,1401,1401,800,800,800,800,400,400,400,400,400,400,400,400,400,400
framerate,29.97,29.97,29.97,29.97,29.97,29.97,29.97,29.97,29.97,29.97,29.97,29.97,29.97,29.97,29.97,29.97,29.97
bufferLevel,5.982,11.275,30.491,30.777,31.275,31.689,31.44,31.862,32.082,32.844,28.752,29.651,28.965,29.595,30.571,30.044,30.068
GMSD,0,0,0.84946,0,0.84128,0,0.92510,0,0.92591,0,0.94241,0,0.92259,0,0.81382,0,0.85989
bitrateSwitch,0,1,0,1,0,0,0,1,0,0,0,0,0,0,0,0,0
stalling,0,0,0,0,0,0,0,0,0,0,0,0,0,0,0,0,0
stallingTime (sec),0,0,0,0,0,0,0,0,0,0,0,0,0,0,0,0,0
Throughput (Kbps),7557,27249,9207,2617,1471,1983,2088,853,691,708,655,866,1010,1033,1035,986,814

IP,10.0.0.2
Attribute,HIGH
initTime,2023-04-14 13:31:30.448104
endTime,2023-04-14 13:33:21.972249
liveTime(sec),111.524145
startupDelay,618
Total stalling Event,0
player width,1280
player height,720
time,44.304,48.018,52.422,57.320,61.898,66.232,71.283,76.614,81.160,86.596,91.424,96.894,101.288,106.290,111.500,116.560,121.000,126.209
elapsed,0.000,3.714,8.118,13.016,17.594,21.928,26.979,32.310,36.856,42.292,47.120,52.590,56.984,61.986,67.196,72.256,76.696,81.905
bitrate,2000,2000,1401,800,800,800,800,400,400,400,400,400,400,400,400,400,400,400
framerate,29.97,29.97,29.97,29.97,29.97,29.97,29.97,29.97,29.97,29.97,29.97,29.97,29.97,29.97,29.97,29.97,29.97,29.97
bufferLevel,18.003,6.963,29.512,29.855,30.076,30.087,33.34,29.793,29.548,30.45,30.889,31.258,31.843,31.865,32.14,32.433,29.899,31.055
GMSD,0,0,0.84283,0,0.82156,0,0.65456,0,0.94798,0,0.91699,0,0.90553,0,0.92690,0,0.86779,0
bitrateSwitch,0,0,1,1,0,0,0,1,0,0,0,0,0,0,0,0,0,0
stalling,0,0,0,0,0,0,0,0,0,0,0,0,0,0,0,0,0,0
stallingTime (sec),0,0,0,0,0,0,0,0,0,0,0,0,0,0,0,0,0,0
Throughput (Kbps),8841,23951,13126,3165,1471,1983,2829,506,691,708,950,904,940,1126,1078,808,593,985

IP,10.0.0.16
Attribute,HIGH
initTime,2023-04-14 13:31:30.963956
endTime,2023-04-14 13:33:21.972252
liveTime(sec),111.008296
startupDelay,572
Total stalling Event,0
player width,1280
player height,720
time,44.166,47.866,52.067,57.375,61.795,66.269,71.213,76.161,80.992,86.378,91.069,96.258,101.064,106.837,111.453,116.500,120.838,126.083,130.587,135.639
elapsed,0.000,3.700,7.901,13.209,17.629,22.103,27.047,31.995,36.826,42.212,46.903,52.092,56.898,62.671,67.287,72.334,76.672,81.917,86.421,91.473
bitrate,2000,1401,1401,800,800,800,800,400,400,400,400,400,400,400,400,400,400,400,400,400
framerate,29.97,29.97,29.97,29.97,29.97,29.97,29.97,29.97,29.97,29.97,29.97,29.97,29.97,29.97,29.97,29.97,29.97,29.97,29.97,29.97
bufferLevel,9.715,18.058,29.655,29.567,30.127,29.791,30.009,30.396,30.494,30.907,30.133,30.509,29.64,29.527,30.599,30.116,31.157,31.433,32.093,29.51
GMSD,0,0,0.77442,0,0.98738,0,0.87899,0,0.94865,0,0.93004,0,0.87628,0,0.89133,0,0.85859,0,0.86177,0
bitrateSwitch,0,1,0,1,0,0,0,1,0,0,0,0,0,0,0,0,0,0,0,0
stalling,0,0,0,0,0,0,0,0,0,0,0,0,0,0,0,0,0,0,0,0
stallingTime (sec),0,0,0,0,0,0,0,0,0,0,0,0,0,0,0,0,0,0,0,0
Throughput (Kbps),7977,31348,5108,2617,1471,1983,2088,853,691,708,950,904,1415,651,1078,808,950,911,973,592

IP,10.0.0.30
Attribute,HIGH
initTime,2023-04-14 13:31:31.558395
endTime,2023-04-14 13:33:21.972255
liveTime(sec),110.41386
startupDelay,889
Total stalling Event,0
player width,1280
player height,720
time,44.282,48.947,53.300,57.345,62.080,66.774,71.608,76.399,81.279,86.471,91.353,96.357,101.338,106.867,111.610,116.559,120.902,126.395
elapsed,0.000,4.665,9.018,13.063,17.798,22.492,27.326,32.117,36.997,42.189,47.071,52.075,57.056,62.585,67.328,72.277,76.620,82.113
bitrate,2000,1401,1401,800,800,800,400,400,400,400,400,400,400,400,400,400,400,400
framerate,29.97,29.97,29.97,29.97,29.97,29.97,29.97,29.97,29.97,29.97,29.97,29.97,29.97,29.97,29.97,29.97,29.97,29.97
bufferLevel,6.616,30.691,29.547,30.393,30.998,30.657,30.5,30.98,30.55,30.382,31.157,32.237,31.409,31.806,31.336,31.978,31.264,31.795
GMSD,0,0,0.80776,0,0.85921,0,0.95310,0,0.95068,0,0.84224,0,0.88377,0,0.91194,0,0.85517,0
bitrateSwitch,0,1,0,1,0,0,1,0,0,0,0,0,0,0,0,0,0,0
stalling,0,0,0,0,0,0,0,0,0,0,0,0,0,0,0,0,0,0
stallingTime (sec),0,0,0,0,0,0,0,0,0,0,0,0,0,0,0,0,0,0
Throughput (Kbps),9012,12543,3067,2149,1471,1983,1723,853,691,708,950,904,940,1126,1078,808,950,911

Avg GMSD,0.8959256209150327
Total Bitrate Switch,135
Total Stalling Event, 0

