Server Info
Server CPU Core,40
Server CPU Freq,0.0 GHz
Server RAM Total,23 GB
time,2.874,5.760,8.692,11.643,14.593,17.440,20.248,23.027,26.117,30.214,33.146,36.592,40.876,46.379,51.835,57.402,62.668,68.921,73.436,78.825,83.285,88.731,93.479,98.885,103.731,109.071,114.902,120.845,126.747,130.719,133.494,136.466,139.267,142.128,145.039,147.948,150.852
Player Connected,0,2,6,7,15,18,22,26,34,40,43,47,50,50,50,50,50,50,50,50,50,50,50,50,50,50,50,50,50,50,50,50,50,50,50,50,50
TX (Kbps),0.0,5.502,10.3379,6.6621,17.2363,160.332,14.4316,76.0625,238.1484,152.9141,116.9062,492.4492,146.3613,489.9844,414.9785,743.6562,259.5469,723.6777,198.6055,410.6484,154.0645,431.8691,259.9746,540.5898,262.0156,526.3672,313.1543,559.6309,509.0547,83.2129,113.377,211.7012,46.5879,40.8418,0.0,0.0,9.167
RX (Kbps),0.0449,5.3398,3.3105,7.1689,22.1436,3545.3486,11.8652,2464.7891,6896.126,5565.4893,8652.6494,17628.7773,4457.8428,21042.1221,14113.9707,32440.2842,10780.7559,29819.7324,12308.1426,19708.2939,12767.8691,14884.875,12306.5098,14691.1348,15094.6592,21612.0693,16418.7402,18301.1543,21315.04,18.7178,5234.7051,7353.9131,2179.0879,1086.79,0.0449,0.0449,3.9277
TX + RX (Kbps),0.0449,10.8418,13.648399999999999,13.831,39.3799,3705.6805999999997,26.296799999999998,2540.8516,7134.2744,5718.4034,8769.5556,18121.2265,4604.2041,21532.1065,14528.9492,33183.9404,11040.3028,30543.4101,12506.748099999999,20118.9423,12921.9336,15316.7441,12566.4844,15231.7246,15356.6748,22138.4365,16731.8945,18860.7852,21824.0947,101.9307,5348.0821000000005,7565.6143,2225.6758,1127.6317999999999,0.0449,0.0449,13.0947
CPU Usage Percent,3.2,4.0,4.5,4.4,7.4,14.2,11.7,13.4,25.0,36.9,37.6,40.1,46.2,59.7,58.3,54.7,56.7,55.2,54.8,56.1,54.2,54.2,55.2,55.2,50.7,53.1,53.0,53.7,53.7,44.4,25.3,39.9,20.4,12.2,4.1,3.9,4.8
RAM Usage Percent,5.8,5.8,6.0,6.0,6.3,7.8,6.7,7.3,8.4,11.4,9.7,10.9,13.8,14.2,12.8,16.0,11.9,14.8,12.8,13.8,13.6,14.3,13.7,15.0,13.3,15.7,13.2,14.8,15.7,10.9,11.9,13.4,11.1,10.9,10.6,10.6,10.6

IP,10.0.0.49
Attribute,HIGH
initTime,2023-04-20 18:57:57.529619
endTime,2023-04-20 19:00:23.783987
liveTime(sec),146.254368
startupDelay,711
Total stalling Event,0
player width,1280
player height,720
time,9.288,14.347,19.627,25.800,30.883,36.759,42.228,46.848,51.278,55.587,61.103,65.549,70.897,76.490,81.065,86.452,91.956,96.553,102.476,106.904,112.766,116.774,122.744,126.803,131.427,135.291
elapsed,0.000,5.059,10.339,16.512,21.595,27.471,32.940,37.560,41.990,46.299,51.815,56.261,61.609,67.202,71.777,77.164,82.668,87.265,93.188,97.616,103.478,107.486,113.456,117.515,122.139,126.003
bitrate,2000,1401,1401,800,800,800,400,400,400,400,400,400,400,400,400,400,400,400,400,400,400,400,400,400,400,400
framerate,29.97,29.97,29.97,29.97,29.97,29.97,29.97,29.97,29.97,29.97,29.97,29.97,29.97,29.97,29.97,29.97,29.97,29.97,29.97,29.97,29.97,29.97,29.97,29.97,29.97,29.97
bufferLevel,8,30.734,32.025,32.43,32.577,32.38,32.187,33.283,32.96,32.317,32.801,29.532,30.469,30.125,29.784,30.655,30.422,30.797,32.097,33.021,32.4,32.581,33.106,33.151,30.448,33.257
GMSD,0,0,0.91737,0,0.90545,0,0.91812,0,0.95419,0,0.90605,0,0.90391,0,0.85153,0,0.86138,0,0.94285,0,0.85860,0,0.85427,0,0.85604,0
bitrateSwitch,0,1,0,1,0,0,1,0,0,0,0,0,0,0,0,0,0,0,0,0,0,0,0,0,0,0
stalling,0,0,0,0,0,0,0,0,0,0,0,0,0,0,0,0,0,0,0,0,0,0,0,0,0,0
stallingTime (sec),0,0,0,0,0,0,0,0,0,0,0,0,0,0,0,0,0,0,0,0,0,0,0,0,0,0
Throughput (Kbps),7765,12543,3067,2149,1471,1983,1724,853,691,708,950,571,1010,1033,1035,986,814,985,889,957,1065,943,1095,913,580,1299

IP,10.0.0.41
Attribute,HIGH
initTime,2023-04-20 18:57:57.889461
endTime,2023-04-20 19:00:23.784022
liveTime(sec),145.894561
startupDelay,435
Total stalling Event,0
player width,1280
player height,720
time,9.773,14.847,19.900,27.029,30.984,37.353,42.551,47.537,51.545,57.798,61.410,66.451,71.385,76.906,81.320,87.237,91.235,96.862,101.419,107.321,111.954
elapsed,0.000,5.074,10.127,17.256,21.211,27.580,32.778,37.764,41.772,48.025,51.637,56.678,61.612,67.133,71.547,77.464,81.462,87.089,91.646,97.548,102.181
bitrate,2000,1401,1401,800,800,800,400,400,400,400,400,400,400,400,400,400,400,400,400,400,400
framerate,29.97,29.97,29.97,29.97,29.97,29.97,29.97,29.97,29.97,29.97,29.97,29.97,29.97,29.97,29.97,29.97,29.97,29.97,29.97,29.97,29.97
bufferLevel,5.19,29.4,29.672,29.796,30.154,30.196,30.646,30.842,31.031,31.679,31.653,31.646,32.227,32.555,28.784,32.353,32.216,31.91,32.296,32.506,33.494
GMSD,0,0,0.77405,0,0.85371,0,0.95670,0,0.94772,0,0.94670,0,0.91798,0,0.91748,0,0.86662,0,0.86367,0,0.86617
bitrateSwitch,0,1,0,1,0,0,1,0,0,0,0,0,0,0,0,0,0,0,0,0,0
stalling,0,0,0,0,0,0,0,0,0,0,0,0,0,0,0,0,0,0,0,0,0
stallingTime (sec),0,0,0,0,0,0,0,0,0,0,0,0,0,0,0,0,0,0,0,0,0
Throughput (Kbps),7765,12543,3067,2149,1471,1983,1724,853,691,708,950,904,940,1126,680,1206,950,911,973,955,1052

IP,10.0.0.50
Attribute,HIGH
initTime,2023-04-20 18:57:59.089724
endTime,2023-04-20 19:00:23.784025
liveTime(sec),144.694301
startupDelay,376
Total stalling Event,0
player width,1280
player height,720
time,11.153,16.217,21.218,28.646,31.455,39.153,43.347,49.612,52.243,59.116,62.207,68.918,72.414,78.393,85.567,87.919,95.369,98.030,105.866,108.520,115.795,118.556,125.405,129.682,134.767,136.732
elapsed,0.000,5.064,10.065,17.493,20.302,28.000,32.194,38.459,41.090,47.963,51.054,57.765,61.261,67.240,74.414,76.766,84.216,86.877,94.713,97.367,104.642,107.403,114.252,118.529,123.614,125.579
bitrate,2000,1401,1401,800,800,800,400,400,400,400,400,400,400,400,400,400,400,400,400,400,400,400,400,400,400,400
framerate,29.97,29.97,29.97,29.97,29.97,29.97,29.97,29.97,29.97,29.97,29.97,29.97,29.97,29.97,29.97,29.97,29.97,29.97,29.97,29.97,29.97,29.97,29.97,29.97,29.97,29.97
bufferLevel,5.396,30.083,30.808,30.986,31.436,31.043,31.306,32.297,31.407,31.412,31.838,32.946,28.788,32.529,32.851,29.463,33.213,30.36,31.203,31.616,31.292,31.463,31.698,32.695,31.829,32.387
GMSD,0,0,0.86866,0,0.98620,0,0.93639,0,0.95626,0,0.89910,0,0.91813,0,0.91748,0,0.86122,0,0.94236,0,0.86373,0,0.85830,0.89575,0,0
bitrateSwitch,0,1,0,1,0,0,1,0,0,0,0,0,0,0,0,0,0,0,0,0,0,0,0,0,0,0
stalling,0,0,0,0,0,0,0,0,0,0,0,0,0,0,0,0,0,0,0,0,0,0,0,0,0,0
stallingTime (sec),0,0,0,0,0,0,0,0,0,0,0,0,0,0,0,0,0,0,0,0,0,0,0,0,0,0
Throughput (Kbps),7765,12543,3067,2149,1471,1983,1724,853,691,708,950,904,678,1388,1078,587,1170,629,889,957,1065,943,1095,913,935,944

IP,10.0.0.42
Attribute,HIGH
initTime,2023-04-20 18:57:59.231812
endTime,2023-04-20 19:00:23.784027
liveTime(sec),144.552215
startupDelay,320
Total stalling Event,0
player width,1280
player height,720
time,11.314,16.396,21.434,29.045,31.625,39.894,43.181,49.357,52.376,59.541,62.465,69.217,72.270,78.976,82.177,89.100,92.138,98.555,102.442,109.645,112.871
elapsed,0.000,5.082,10.120,17.731,20.311,28.580,31.867,38.043,41.062,48.227,51.151,57.903,60.956,67.662,70.863,77.786,80.824,87.241,91.128,98.331,101.557
bitrate,2000,1401,1401,800,800,800,400,400,400,400,400,400,400,400,400,400,400,400,400,400,400
framerate,29.97,29.97,29.97,29.97,29.97,29.97,29.97,29.97,29.97,29.97,29.97,29.97,29.97,29.97,29.97,29.97,29.97,29.97,29.97,29.97,29.97
bufferLevel,5.126,29.233,29.454,29.785,30.142,29.992,30.694,31.154,31.62,31.929,31.535,32.157,32.21,32.486,28.791,32.13,32.801,31.896,32.898,33.007,33.327
GMSD,0,0,0.80705,0,0.85783,0,0.96059,0,0.95007,0,0.92680,0,0.91844,0,0.89544,0,0.86790,0,0.87896,0,0.84004
bitrateSwitch,0,1,0,1,0,0,1,0,0,0,0,0,0,0,0,0,0,0,0,0,0
stalling,0,0,0,0,0,0,0,0,0,0,0,0,0,0,0,0,0,0,0,0,0
stallingTime (sec),0,0,0,0,0,0,0,0,0,0,0,0,0,0,0,0,0,0,0,0,0
Throughput (Kbps),7765,12543,3067,2149,1471,1983,1724,853,691,708,950,904,940,1126,680,1206,950,911,973,955,1052

IP,10.0.0.35
Attribute,HIGH
initTime,2023-04-20 18:57:59.344132
endTime,2023-04-20 19:00:23.784030
liveTime(sec),144.439898
startupDelay,935
Total stalling Event,0
player width,1280
player height,720
time,10.790,15.862,20.907,28.576,31.168,38.798,42.858,48.669,52.045,58.631,62.248,67.510,72.013,77.492,81.968,88.499,91.829,97.488,102.087,108.975,112.706,120.079,122.498,127.305,131.129
elapsed,0.000,5.072,10.117,17.786,20.378,28.008,32.068,37.879,41.255,47.841,51.458,56.720,61.223,66.702,71.178,77.709,81.039,86.698,91.297,98.185,101.916,109.289,111.708,116.515,120.339
bitrate,400,400,400,400,400,400,400,400,400,400,400,400,400,400,400,400,400,400,400,400,400,400,400,400,400
framerate,29.97,29.97,29.97,29.97,29.97,29.97,29.97,29.97,29.97,29.97,29.97,29.97,29.97,29.97,29.97,29.97,29.97,29.97,29.97,29.97,29.97,29.97,29.97,29.97,29.97
bufferLevel,30.293,18.974,27.683,15.605,24.461,23.891,19.672,28.234,16.016,24.225,32.207,20.112,28.48,16.382,25.528,33.444,21.237,29.25,16.77,25.063,25.637,22.174,30.197,18.109,26.615
GMSD,0,0,0.82222,0,0.88398,0,0.86623,0,0.84822,0,0.89425,0,0.90041,0,0.78542,0,0.86695,0,0.88259,0,0.84018,0,0.90285,0,0.93853
bitrateSwitch,0,0,0,0,0,0,0,0,0,0,0,0,0,0,0,0,0,0,0,0,0,0,0,0,0
stalling,0,0,0,0,0,0,0,0,0,0,0,0,0,0,0,0,0,0,0,0,0,0,0,0,0
stallingTime (sec),0,0,0,0,0,0,0,0,0,0,0,0,0,0,0,0,0,0,0,0,0,0,0,0,0
Throughput (Kbps),4456,0,1529,0,1816,710,615,1681,0,1122,1487,0,1581,0,1693,1581,0,1579,0,1598,1313,350,1689,0,1494

IP,10.0.0.36
Attribute,HIGH
initTime,2023-04-20 18:58:00.321661
endTime,2023-04-20 19:00:23.784033
liveTime(sec),143.462372
startupDelay,373
Total stalling Event,0
player width,1280
player height,720
time,12.328,17.758,22.619,29.543,33.341,40.907,44.605,50.595,53.647,60.770,63.204,69.542,73.236,79.607,83.197,90.790,93.374,99.906,103.435,110.911,113.560,120.914,123.560,128.299
elapsed,0.000,5.430,10.291,17.215,21.013,28.579,32.277,38.267,41.319,48.442,50.876,57.214,60.908,67.279,70.869,78.462,81.046,87.578,91.107,98.583,101.232,108.586,111.232,115.971
bitrate,2000,1401,800,800,800,800,400,400,400,400,400,400,400,400,400,400,400,400,400,400,400,400,400,400
framerate,29.97,29.97,29.97,29.97,29.97,29.97,29.97,29.97,29.97,29.97,29.97,29.97,29.97,29.97,29.97,29.97,29.97,29.97,29.97,29.97,29.97,29.97,29.97,29.97
bufferLevel,5.203,33.736,30.09,30.682,31.456,30.101,30.346,30.806,30.661,30.929,31.178,31.271,30.885,30.927,32.313,31.893,32.284,32.095,31.656,32.119,32.544,32.773,32.815,33.004
GMSD,0,0,0.81705,0,0.88647,0,0.94914,0,0.94778,0,0.92254,0,0.91206,0,0.82612,0,0.94454,0,0.86741,0,0.94969,0,0.94573,0
bitrateSwitch,0,1,1,0,0,0,1,0,0,0,0,0,0,0,0,0,0,0,0,0,0,0,0,0
stalling,0,0,0,0,0,0,0,0,0,0,0,0,0,0,0,0,0,0,0,0,0,0,0,0
stallingTime (sec),0,0,0,0,0,0,0,0,0,0,0,0,0,0,0,0,0,0,0,0,0,0,0,0
Throughput (Kbps),7765,13060,1620,2148,1471,1983,1417,853,691,708,950,904,940,1126,1078,808,950,911,973,955,1052,879,1127,903

IP,10.0.0.43
Attribute,HIGH
initTime,2023-04-20 18:58:03.772739
endTime,2023-04-20 19:00:23.784035
liveTime(sec),140.011296
startupDelay,807
Total stalling Event,0
player width,1280
player height,720
time,15.542,20.612,28.137,31.070,38.435,42.793,47.181,52.217,57.366,62.087,66.597,72.051,77.116,82.204,86.786,91.527,96.805,101.864,107.559,113.044,118.223,122.074,127.325,130.777,135.919,140.806
elapsed,0.000,5.070,12.595,15.528,22.893,27.251,31.639,36.675,41.824,46.545,51.055,56.509,61.574,66.662,71.244,75.985,81.263,86.322,92.017,97.502,102.681,106.532,111.783,115.235,120.377,125.264
bitrate,2000,1401,1401,800,800,800,800,400,400,400,400,400,400,400,400,400,400,400,400,400,400,400,400,400,400,400
framerate,29.97,29.97,29.97,29.97,29.97,29.97,29.97,29.97,29.97,29.97,29.97,29.97,29.97,29.97,29.97,29.97,29.97,29.97,29.97,29.97,29.97,29.97,29.97,29.97,29.97,29.97
bufferLevel,6.249,31.06,32.175,31.468,31.899,29.055,29.608,29.65,30.023,30.384,32.174,32.678,28.753,33.24,33.271,29.353,29.874,30.445,30.271,30.485,30.824,30.843,30.277,31.766,32.854,30.169
GMSD,0,0,0.98131,0,0.92404,0,0.94573,0,0.93991,0,0.86486,0,0.90227,0,0.93385,0,0.86528,0,0.86092,0,0.86495,0,0.67280,0,0.88393,0
bitrateSwitch,0,1,0,1,0,0,0,1,0,0,0,0,0,0,0,0,0,0,0,0,0,0,0,0,0,0
stalling,0,0,0,0,0,0,0,0,0,0,0,0,0,0,0,0,0,0,0,0,0,0,0,0,0,0
stallingTime (sec),0,0,0,0,0,0,0,0,0,0,0,0,0,0,0,0,0,0,0,0,0,0,0,0,0,0
Throughput (Kbps),7765,12543,3067,2149,1471,1373,1927,1000,765,601,947,866,702,1341,1035,636,897,914,910,1027,907,1006,984,1052,896,634

IP,10.0.0.44
Attribute,HIGH
initTime,2023-04-20 18:58:05.339628
endTime,2023-04-20 19:00:23.784047
liveTime(sec),138.444419
startupDelay,825
Total stalling Event,0
player width,1280
player height,720
time,17.293,22.570,29.758,32.855,40.740,43.820,49.243,53.190,59.732,63.021,68.879,72.997,78.782,82.969,89.389,93.044,99.311,103.186,109.289,113.948,118.982,124.317,128.097,132.631,137.564
elapsed,0.000,5.277,12.465,15.562,23.447,26.527,31.950,35.897,42.439,45.728,51.586,55.704,61.489,65.676,72.096,75.751,82.018,85.893,91.996,96.655,101.689,107.024,110.804,115.338,120.271
bitrate,2000,1401,1401,800,800,800,800,400,400,400,400,400,400,400,400,400,400,400,400,400,400,400,400,400,400
framerate,29.97,29.97,29.97,29.97,29.97,29.97,29.97,29.97,29.97,29.97,29.97,29.97,29.97,29.97,29.97,29.97,29.97,29.97,29.97,29.97,29.97,29.97,29.97,29.97,29.97
bufferLevel,6.756,31.405,31.637,31.24,32.164,33.022,29.679,29.918,30.331,30.7,32.053,33.008,28.87,32.803,29.436,29.282,29.965,30.027,30.39,31.151,31.622,30.454,30.513,31.886,32.884
GMSD,0,0,0.98495,0,0.83761,0,0.92073,0,0.95745,0,0.86400,0,0.90871,0,0.92123,0,0.86728,0,0.86155,0,0.94018,0,0.89469,0,0.85521
bitrateSwitch,0,1,0,1,0,0,0,1,0,0,0,0,0,0,0,0,0,0,0,0,0,0,0,0,0
stalling,0,0,0,0,0,0,0,0,0,0,0,0,0,0,0,0,0,0,0,0,0,0,0,0,0
stallingTime (sec),0,0,0,0,0,0,0,0,0,0,0,0,0,0,0,0,0,0,0,0,0,0,0,0,0
Throughput (Kbps),7765,12543,3067,2149,1471,1983,1318,1000,765,601,947,866,702,1341,660,1011,897,914,910,1027,907,1006,984,1052,896

IP,10.0.0.33
Attribute,HIGH
initTime,2023-04-20 18:58:05.568757
endTime,2023-04-20 19:00:23.784050
liveTime(sec),138.215293
startupDelay,1290
Total stalling Event,0
player width,1280
player height,720
time,16.919,22.078,29.194,32.461,40.527,43.470,48.539,52.613,59.558,62.855,69.653,72.517,78.527,82.533,88.522,92.411,98.753,102.659,108.634,113.608,118.914
elapsed,0.000,5.159,12.275,15.542,23.608,26.551,31.620,35.694,42.639,45.936,52.734,55.598,61.608,65.614,71.603,75.492,81.834,85.740,91.715,96.689,101.995
bitrate,2000,1401,1401,800,800,800,400,400,400,400,400,400,400,400,400,400,400,400,400,400,400
framerate,29.97,29.97,29.97,29.97,29.97,29.97,29.97,29.97,29.97,29.97,29.97,29.97,29.97,29.97,29.97,29.97,29.97,29.97,29.97,29.97,29.97
bufferLevel,7.07,30.974,31.837,31.834,32.352,31.532,32.005,32.505,32.483,31.272,31.502,31.971,31.786,32.136,31.036,31.627,31.556,31.38,31.886,32.315,32.165
GMSD,0,0,0.98344,0,0.84321,0,0.95743,0,0.94642,0,0.88631,0,0.87366,0,0.92663,0,0.83020,0,0.86173,0,0.85744
bitrateSwitch,0,1,0,1,0,0,1,0,0,0,0,0,0,0,0,0,0,0,0,0,0
stalling,0,0,0,0,0,0,0,0,0,0,0,0,0,0,0,0,0,0,0,0,0
stallingTime (sec),0,0,0,0,0,0,0,0,0,0,0,0,0,0,0,0,0,0,0,0,0
Throughput (Kbps),7765,12543,3067,2149,1471,1983,1724,853,691,708,950,904,940,1126,1078,808,950,911,973,955,1052

IP,10.0.0.21
Attribute,HIGH
initTime,2023-04-20 18:58:05.839334
endTime,2023-04-20 19:00:23.784052
liveTime(sec),137.944718
startupDelay,1091
Total stalling Event,0
player width,1280
player height,720
time,17.526,22.607,29.823,33.301,41.012,44.202,49.810,53.508,60.301,63.038,69.051,73.115,79.023,83.146,90.109,93.146,100.357,103.369,110.562,113.471,119.292,123.338
elapsed,0.000,5.081,12.297,15.775,23.486,26.676,32.284,35.982,42.775,45.512,51.525,55.589,61.497,65.620,72.583,75.620,82.831,85.843,93.036,95.945,101.766,105.812
bitrate,2000,1401,1401,800,800,800,400,400,400,400,400,400,400,400,400,400,400,400,400,400,400,400
framerate,29.97,29.97,29.97,29.97,29.97,29.97,29.97,29.97,29.97,29.97,29.97,29.97,29.97,29.97,29.97,29.97,29.97,29.97,29.97,29.97,29.97,29.97
bufferLevel,6.803,30.436,30.969,31.18,31.871,30.104,33.528,29.622,33.278,28.929,33.455,29.033,28.429,32.339,32.668,33.307,29.815,30.238,29.32,29.426,33.021,33.01
GMSD,0,0,0.98092,0,0.77830,0,0.82338,0,0.93882,0,0.86767,0,0.91890,0,0.85738,0,0.83280,0,0.95256,0,0.90098,0
bitrateSwitch,0,1,0,1,0,0,1,0,0,0,0,0,0,0,0,0,0,0,0,0,0,0
stalling,0,0,0,0,0,0,0,0,0,0,0,0,0,0,0,0,0,0,0,0,0,0
stallingTime (sec),0,0,0,0,0,0,0,0,0,0,0,0,0,0,0,0,0,0,0,0,0,0
Throughput (Kbps),7765,12543,3067,2149,1471,1983,2071,506,862,537,1225,998,571,1431,1011,897,623,911,973,955,1302,984

IP,10.0.0.15
Attribute,HIGH
initTime,2023-04-20 18:58:06.364865
endTime,2023-04-20 19:00:23.784055
liveTime(sec),137.41919
startupDelay,1084
Total stalling Event,0
player width,1280
player height,720
time,17.876,23.607,30.101,33.926,41.273,44.449,49.849,53.796,59.729,63.640,70.279,74.066,79.326,83.480,89.650,94.012,99.542,103.791,111.047,114.264,121.477,124.046,128.681,133.248
elapsed,0.000,5.731,12.225,16.050,23.397,26.573,31.973,35.920,41.853,45.764,52.403,56.190,61.450,65.604,71.774,76.136,81.666,85.915,93.171,96.388,103.601,106.170,110.805,115.372
bitrate,2000,1401,1401,800,800,800,800,400,400,400,400,400,400,400,400,400,400,400,400,400,400,400,400,400
framerate,29.97,29.97,29.97,29.97,29.97,29.97,29.97,29.97,29.97,29.97,29.97,29.97,29.97,29.97,29.97,29.97,29.97,29.97,29.97,29.97,29.97,29.97,29.97,29.97
bufferLevel,7.23,30.65,31.635,31.461,32.86,29.537,31.195,30.266,30.264,30.535,31.316,31.387,31.909,32.183,32.7,33.024,29.248,33.2,29.994,29.901,30.871,29.808,29.845,30.575
GMSD,0,0,0.83230,0,0.87893,0,0.96580,0,0.95463,0,0.86179,0,0.93150,0,0.92334,0,0.84220,0,0.86515,0,0.85938,0,0.85818,0
bitrateSwitch,0,1,0,1,0,0,0,1,0,0,0,0,0,0,0,0,0,0,0,0,0,0,0,0
stalling,0,0,0,0,0,0,0,0,0,0,0,0,0,0,0,0,0,0,0,0,0,0,0,0
stallingTime (sec),0,0,0,0,0,0,0,0,0,0,0,0,0,0,0,0,0,0,0,0,0,0,0,0
Throughput (Kbps),7765,12543,3067,2149,1471,1373,1927,1000,765,601,947,866,1010,1033,1035,986,547,1252,889,709,907,1006,984,1052

IP,10.0.0.9
Attribute,HIGH
initTime,2023-04-20 18:58:06.491482
endTime,2023-04-20 19:00:23.784057
liveTime(sec),137.292575
startupDelay,1169
Total stalling Event,0
player width,1280
player height,720
time,17.967,23.722,29.893,34.158,41.134,45.020,50.634,54.040,60.702,63.872,71.041,74.208,79.585,84.059,90.630,93.978,100.876,104.031,111.221,114.246,121.969,124.052,128.585,133.436
elapsed,0.000,5.755,11.926,16.191,23.167,27.053,32.667,36.073,42.735,45.905,53.074,56.241,61.618,66.092,72.663,76.011,82.909,86.064,93.254,96.279,104.002,106.085,110.618,115.469
bitrate,2000,1401,1401,800,800,800,400,400,400,400,400,400,400,400,400,400,400,400,400,400,400,400,400,400
framerate,29.97,29.97,29.97,29.97,29.97,29.97,29.97,29.97,29.97,29.97,29.97,29.97,29.97,29.97,29.97,29.97,29.97,29.97,29.97,29.97,29.97,29.97,29.97,29.97
bufferLevel,6.61,30.864,30.006,30.188,30.059,31.86,32.149,32.081,32.052,32.468,29.151,29.29,29.963,29.63,29.678,30.554,30.161,29.745,30.566,31.37,30.399,31.148,30.892,30.541
GMSD,0,0,0.73697,0,0.84112,0,0.86443,0,0.94678,0,0.85204,0,0.88862,0,0.85612,0,0.90522,0,0.86202,0,0.86080,0,0.90662,0
bitrateSwitch,0,1,0,1,0,0,1,0,0,0,0,0,0,0,0,0,0,0,0,0,0,0,0,0
stalling,0,0,0,0,0,0,0,0,0,0,0,0,0,0,0,0,0,0,0,0,0,0,0,0
stallingTime (sec),0,0,0,0,0,0,0,0,0,0,0,0,0,0,0,0,0,0,0,0,0,0,0,0
Throughput (Kbps),7765,12543,3067,2149,1471,2671,1382,786,582,822,665,904,940,1126,1078,808,950,911,973,955,1052,879,1127,903

IP,10.0.0.22
Attribute,HIGH
initTime,2023-04-20 18:58:06.660085
endTime,2023-04-20 19:00:23.784060
liveTime(sec),137.123975
startupDelay,549
Total stalling Event,0
player width,1280
player height,720
time,18.321,24.587,30.244,35.095,41.647,45.504,51.226,58.127,61.152,64.529,70.261,74.748,80.275,84.528,90.319,94.808,100.548,104.703,111.881,115.492,121.037,124.670
elapsed,0.000,6.266,11.923,16.774,23.326,27.183,32.905,39.806,42.831,46.208,51.940,56.427,61.954,66.207,71.998,76.487,82.227,86.382,93.560,97.171,102.716,106.349
bitrate,2000,1401,800,800,800,800,400,400,400,400,400,400,400,400,400,400,400,400,400,400,400,400
framerate,29.97,29.97,29.97,29.97,29.97,29.97,29.97,29.97,29.97,29.97,29.97,29.97,29.97,29.97,29.97,29.97,29.97,29.97,29.97,29.97,29.97,29.97
bufferLevel,5.292,30.289,33.003,30.773,33.141,32.41,32.174,31.787,31.955,31.962,32.215,31.769,30.828,30.807,31.661,31.827,32.78,32.132,32.377,32.157,31.676,31.249
GMSD,0,0,0.75710,0,0.75238,0,0.80511,0.94005,0,0,0.84929,0,0.93771,0,0.86639,0,0.84235,0,0.90267,0,0.86228,0
bitrateSwitch,0,1,1,0,0,0,1,0,0,0,0,0,0,0,0,0,0,0,0,0,0,0
stalling,0,0,0,0,0,0,0,0,0,0,0,0,0,0,0,0,0,0,0,0,0,0
stallingTime (sec),0,0,0,0,0,0,0,0,0,0,0,0,0,0,0,0,0,0,0,0,0,0
Throughput (Kbps),7765,12543,3729,1487,2154,1988,1382,786,582,822,940,998,1046,956,1011,897,914,910,1027,907,1006,984

IP,10.0.0.34
Attribute,HIGH
initTime,2023-04-20 18:58:06.784653
endTime,2023-04-20 19:00:23.784063
liveTime(sec),136.99941
startupDelay,430
Total stalling Event,0
player width,1280
player height,720
time,18.520,24.566,30.204,35.023,41.673,45.302,50.977,54.964,60.310,64.101,70.407,74.521,80.449,84.370,89.867,95.075,100.157,104.449,110.862,115.351,121.290
elapsed,0.000,6.046,11.684,16.503,23.153,26.782,32.457,36.444,41.790,45.581,51.887,56.001,61.929,65.850,71.347,76.555,81.637,85.929,92.342,96.831,102.770
bitrate,2000,1401,1401,800,800,800,400,400,400,400,400,400,400,400,400,400,400,400,400,400,400
framerate,29.97,29.97,29.97,29.97,29.97,29.97,29.97,29.97,29.97,29.97,29.97,29.97,29.97,29.97,29.97,29.97,29.97,29.97,29.97,29.97,29.97
bufferLevel,5.078,29.63,30.663,29.851,31.179,30.212,30.403,30.139,29.903,30.44,30.148,30.398,29.987,30.757,29.778,29.678,30.382,30.17,30.008,29.727,30.317
GMSD,0,0,0.98286,0,0.77300,0,0.94610,0,0.94843,0,0.94073,0,0.87344,0,0.79749,0,0.89006,0,0.86277,0,0.85358
bitrateSwitch,0,1,0,1,0,0,1,0,0,0,0,0,0,0,0,0,0,0,0,0,0
stalling,0,0,0,0,0,0,0,0,0,0,0,0,0,0,0,0,0,0,0,0,0
stallingTime (sec),0,0,0,0,0,0,0,0,0,0,0,0,0,0,0,0,0,0,0,0,0
Throughput (Kbps),7765,12543,3067,2149,1471,1983,1724,853,691,708,950,904,940,1126,1078,808,950,911,973,955,1052

IP,10.0.0.16
Attribute,HIGH
initTime,2023-04-20 18:58:07.241827
endTime,2023-04-20 19:00:23.784066
liveTime(sec),136.542239
startupDelay,407
Total stalling Event,0
player width,1280
player height,720
time,19.285,25.652,30.668,36.817,42.204,46.175,50.897,55.771,60.802,65.673,71.610,75.971,81.045,86.232,90.720,95.858,100.981,106.203,111.504,116.062,121.970,125.073,129.850,134.710
elapsed,0.000,6.367,11.383,17.532,22.919,26.890,31.612,36.486,41.517,46.388,52.325,56.686,61.760,66.947,71.435,76.573,81.696,86.918,92.219,96.777,102.685,105.788,110.565,115.425
bitrate,400,400,400,400,800,400,400,400,400,400,400,400,400,400,400,400,400,400,400,400,400,400,400,400
framerate,29.97,29.97,29.97,29.97,29.97,29.97,29.97,29.97,29.97,29.97,29.97,29.97,29.97,29.97,29.97,29.97,29.97,29.97,29.97,29.97,29.97,29.97,29.97,29.97
bufferLevel,29.584,17.287,26.16,14.888,30.989,32.142,32.069,28.573,33.078,28.806,29.81,29.485,30.717,31.027,31.469,31.784,31.738,31.399,32.569,29.386,28.742,28.262,32.452,33.113
GMSD,0,0,0.87296,0,0.79229,0,0.95922,0,0.84974,0,0.91930,0,0.93316,0,0.83124,0,0.80374,0,0.87138,0,0.85697,0,0.85443,0
bitrateSwitch,0,0,0,0,1,1,0,0,0,0,0,0,0,0,0,0,0,0,0,0,0,0,0,0
stalling,0,0,0,0,0,0,0,0,0,0,0,0,0,0,0,0,0,0,0,0,0,0,0,0
stallingTime (sec),0,0,0,0,0,0,0,0,0,0,0,0,0,0,0,0,0,0,0,0,0,0,0,0
Throughput (Kbps),6015,0,1529,0,5370,2648,1089,593,951,415,947,866,1010,1033,1035,986,814,985,889,709,907,1006,1439,913

IP,10.0.0.10
Attribute,HIGH
initTime,2023-04-20 18:58:07.407763
endTime,2023-04-20 19:00:23.784068
liveTime(sec),136.376305
startupDelay,936
Total stalling Event,0
player width,1280
player height,720
time,19.137,25.062,30.733,35.497,42.135,46.539,50.769,55.542,60.927,65.400,70.868,75.874,80.882,85.517,90.547,95.681,100.616,106.166,111.449,116.386,121.722,124.931,129.486,134.508
elapsed,0.000,5.925,11.596,16.360,22.998,27.402,31.632,36.405,41.790,46.263,51.731,56.737,61.745,66.380,71.410,76.544,81.479,87.029,92.312,97.249,102.585,105.794,110.349,115.371
bitrate,2000,1401,1401,800,800,800,400,400,400,400,400,400,400,400,400,400,400,400,400,400,400,400,400,400
framerate,29.97,29.97,29.97,29.97,29.97,29.97,29.97,29.97,29.97,29.97,29.97,29.97,29.97,29.97,29.97,29.97,29.97,29.97,29.97,29.97,29.97,29.97,29.97,29.97
bufferLevel,6.553,29.856,29.651,30.401,29.762,31.757,32.014,32.007,31.577,32.557,28.706,29.355,29.569,29.358,29.631,29.968,29.867,29.518,30.065,30.536,30.345,30.529,30.606,30.553
GMSD,0,0,0.76894,0,0.88330,0,0.86501,0,0.94453,0,0.86846,0,0.88503,0,0.87987,0,0.88366,0,0.82791,0,0.90803,0,0.91842,0
bitrateSwitch,0,1,0,1,0,0,1,0,0,0,0,0,0,0,0,0,0,0,0,0,0,0,0,0
stalling,0,0,0,0,0,0,0,0,0,0,0,0,0,0,0,0,0,0,0,0,0,0,0,0
stallingTime (sec),0,0,0,0,0,0,0,0,0,0,0,0,0,0,0,0,0,0,0,0,0,0,0,0
Throughput (Kbps),7765,12543,3067,2149,1471,2671,1382,786,582,822,940,629,940,1126,1078,808,1240,620,973,955,1052,879,1127,903

IP,10.0.0.47
Attribute,HIGH
initTime,2023-04-20 18:58:08.696778
endTime,2023-04-20 19:00:23.784071
liveTime(sec),135.087293
startupDelay,1529
Total stalling Event,0
player width,1280
player height,720
time,20.014,27.077,31.048,37.369,42.581,47.623,51.744,56.322,61.524,66.231,71.587,77.677,81.323,87.580,91.258,97.628,101.423,106.622,112.102,118.416,121.554,126.299
elapsed,0.000,7.063,11.034,17.355,22.567,27.609,31.730,36.308,41.510,46.217,51.573,57.663,61.309,67.566,71.244,77.614,81.409,86.608,92.088,98.402,101.540,106.285
bitrate,2000,1401,1401,800,800,800,800,400,400,400,400,400,400,400,400,400,400,400,400,400,400,400
framerate,29.97,29.97,29.97,29.97,29.97,29.97,29.97,29.97,29.97,29.97,29.97,29.97,29.97,29.97,29.97,29.97,29.97,29.97,29.97,29.97,29.97,29.97
bufferLevel,4.183,32.32,32.961,32.051,32.623,30.071,30.72,30.698,31.062,31.495,32.118,32.692,33.058,33.303,33.114,29.325,28.854,29.402,29.43,33.033,32.65,32.09
GMSD,0,0,0.93692,0,0.98376,0,0.95439,0,0.95699,0,0.86637,0,0.92359,0,0.90096,0,0.85409,0,0.86515,0,0.91662,0
bitrateSwitch,0,1,0,1,0,0,0,1,0,0,0,0,0,0,0,0,0,0,0,0,0,0
stalling,0,0,0,0,0,0,0,0,0,0,0,0,0,0,0,0,0,0,0,0,0,0
stallingTime (sec),0,0,0,0,0,0,0,0,0,0,0,0,0,0,0,0,0,0,0,0,0,0
Throughput (Kbps),5899,14409,3067,2149,1471,1373,1927,1000,765,601,947,866,1010,1033,1035,986,547,914,910,1275,1065,943

IP,10.0.0.48
Attribute,HIGH
initTime,2023-04-20 18:58:10.092482
endTime,2023-04-20 19:00:23.784073
liveTime(sec),133.691591
startupDelay,667
Total stalling Event,0
player width,1280
player height,720
time,22.135,29.473,32.441,40.358,43.392,50.113,53.028,59.134,62.842,69.809,72.745,80.034,82.625,89.727,92.559,99.727,103.393,109.126,113.207,120.460,123.149
elapsed,0.000,7.338,10.306,18.223,21.257,27.978,30.893,36.999,40.707,47.674,50.610,57.899,60.490,67.592,70.424,77.592,81.258,86.991,91.072,98.325,101.014
bitrate,2000,1401,1401,800,800,800,400,400,400,400,400,400,400,400,400,400,400,400,400,400,400
framerate,29.97,29.97,29.97,29.97,29.97,29.97,29.97,29.97,29.97,29.97,29.97,29.97,29.97,29.97,29.97,29.97,29.97,29.97,29.97,29.97,29.97
bufferLevel,6.539,30.492,30.01,30.471,31.124,32.058,32.698,29.314,33.082,29.884,30.482,31.118,31.381,30.939,31.652,31.347,31.541,31.267,31.366,30.815,31.189
GMSD,0,0,0.88853,0,0.98553,0,0.95071,0,0.95674,0,0.86428,0,0.94278,0,0.87807,0,0.76478,0,0.89634,0,0.93295
bitrateSwitch,0,1,0,1,0,0,1,0,0,0,0,0,0,0,0,0,0,0,0,0,0
stalling,0,0,0,0,0,0,0,0,0,0,0,0,0,0,0,0,0,0,0,0,0
stallingTime (sec),0,0,0,0,0,0,0,0,0,0,0,0,0,0,0,0,0,0,0,0,0
Throughput (Kbps),7765,12543,3067,2149,1471,1983,1724,593,951,415,947,866,1010,1033,1035,986,814,985,889,957,1065

IP,10.0.0.25
Attribute,HIGH
initTime,2023-04-20 18:58:10.283552
endTime,2023-04-20 19:00:23.784092
liveTime(sec),133.50054
startupDelay,942
Total stalling Event,0
player width,1280
player height,720
time,21.544,28.966,31.732,39.820,43.339,49.789,52.750,58.413,62.355,69.259,72.506,79.216,82.288,87.826,92.157,98.437,102.468,109.789,112.866,120.004,122.782,127.601,131.772,136.889
elapsed,0.000,7.422,10.188,18.276,21.795,28.245,31.206,36.869,40.811,47.715,50.962,57.672,60.744,66.282,70.613,76.893,80.924,88.245,91.322,98.460,101.238,106.057,110.228,115.345
bitrate,400,400,400,400,400,400,400,400,400,400,400,400,400,400,400,400,400,400,400,400,400,400,400,400
framerate,29.97,29.97,29.97,29.97,29.97,29.97,29.97,29.97,29.97,29.97,29.97,29.97,29.97,29.97,29.97,29.97,29.97,29.97,29.97,29.97,29.97,29.97,29.97,29.97
bufferLevel,30.397,18.991,26.189,15.825,24.49,28.221,21.133,30.095,17.955,26.899,15.212,23.074,30.857,19.332,27.768,15.824,24.218,28.721,17.12,25.771,13.135,21.633,29.924,18.527
GMSD,0,0,0.78177,0,0.78427,0,0.86994,0,0.86063,0,0.86533,0,0.90359,0,0.84834,0,0.81753,0,0.86409,0,0.85916,0,0.86361,0
bitrateSwitch,0,0,0,0,0,0,0,0,0,0,0,0,0,0,0,0,0,0,0,0,0,0,0,0
stalling,0,0,0,0,0,0,0,0,0,0,0,0,0,0,0,0,0,0,0,0,0,0,0,0
stallingTime (sec),0,0,0,0,0,0,0,0,0,0,0,0,0,0,0,0,0,0,0,0,0,0,0,0
Throughput (Kbps),4880,0,1529,0,1816,1019,305,1681,0,1122,0,1487,1581,0,1693,0,1581,1240,0,1593,0,1657,1584,0

IP,10.0.0.26
Attribute,HIGH
initTime,2023-04-20 18:58:10.876413
endTime,2023-04-20 19:00:23.784095
liveTime(sec),132.907682
startupDelay,588
Total stalling Event,0
player width,1280
player height,720
time,23.759,29.788,34.025,41.431,44.262,51.061,54.099,60.748,63.551,70.563,73.523,80.017,83.446,90.665,93.580,100.585,103.878,110.999,114.037,120.791,123.676,128.549,133.143,138.044
elapsed,0.000,6.029,10.266,17.672,20.503,27.302,30.340,36.989,39.792,46.804,49.764,56.258,59.687,66.906,69.821,76.826,80.119,87.240,90.278,97.032,99.917,104.790,109.384,114.285
bitrate,400,400,400,400,400,400,400,400,400,400,400,400,400,400,400,400,400,400,400,400,400,400,400,400
framerate,29.97,29.97,29.97,29.97,29.97,29.97,29.97,29.97,29.97,29.97,29.97,29.97,29.97,29.97,29.97,29.97,29.97,29.97,29.97,29.97,29.97,29.97,29.97,29.97
bufferLevel,29.731,17.655,25.543,14.754,19.786,27.704,16.946,25.37,13.461,22.075,30.095,17.858,25.656,15.014,22.919,31.524,19.657,27.995,16.01,24.996,12.218,21.184,28.979,17.157
GMSD,0,0,0.83362,0,0.86827,0,0.86632,0,0.86211,0,0.86344,0,0.92364,0,0.83547,0,0.87606,0,0.90248,0,0.85047,0,0.86155,0
bitrateSwitch,0,0,0,0,0,0,0,0,0,0,0,0,0,0,0,0,0,0,0,0,0,0,0,0
stalling,0,0,0,0,0,0,0,0,0,0,0,0,0,0,0,0,0,0,0,0,0,0,0,0
stallingTime (sec),0,0,0,0,0,0,0,0,0,0,0,0,0,0,0,0,0,0,0,0,0,0,0,0
Throughput (Kbps),4880,0,1529,374,1125,1337,0,1740,0,1197,1363,0,1568,0,1697,1665,0,1461,0,1593,0,1657,1584,0

IP,10.0.0.23
Attribute,HIGH
initTime,2023-04-20 18:58:12.192088
endTime,2023-04-20 19:00:23.784098
liveTime(sec),131.59201
startupDelay,1430
Total stalling Event,0
player width,1280
player height,720
time,24.616,30.416,35.229,41.693,46.016,51.239,55.106,60.387,64.752,71.243,74.705,81.246,84.865,90.085,95.213,100.180,104.812,112.066,115.006
elapsed,0.000,5.800,10.613,17.077,21.400,26.623,30.490,35.771,40.136,46.627,50.089,56.630,60.249,65.469,70.597,75.564,80.196,87.450,90.390
bitrate,2000,1401,1401,800,800,800,400,400,400,400,400,400,400,400,400,400,400,400,400
framerate,29.97,29.97,29.97,29.97,29.97,29.97,29.97,29.97,29.97,29.97,29.97,29.97,29.97,29.97,29.97,29.97,29.97,29.97,29.97
bufferLevel,7.279,31.957,32.851,31.065,31.332,28.304,32.536,33.344,29.771,33.265,30.132,31.374,30.653,30.016,30.775,31.308,32.034,31.569,31.914
GMSD,0,0,0.91661,0,0.86818,0,0.94984,0,0.95117,0,0.90409,0,0.90143,0,0.90194,0,0.85780,0,0.92218
bitrateSwitch,0,1,0,1,0,0,1,0,0,0,0,0,0,0,0,0,0,0,0
stalling,0,0,0,0,0,0,0,0,0,0,0,0,0,0,0,0,0,0,0
stallingTime (sec),0,0,0,0,0,0,0,0,0,0,0,0,0,0,0,0,0,0,0
Throughput (Kbps),7765,12543,3067,2149,1471,1373,2334,853,505,894,655,866,1010,1033,1035,986,814,985,889

IP,10.0.0.24
Attribute,HIGH
initTime,2023-04-20 18:58:12.929996
endTime,2023-04-20 19:00:23.784101
liveTime(sec),130.854105
startupDelay,1092
Total stalling Event,0
player width,1280
player height,720
time,26.713,30.926,37.287,42.382,46.908,51.974,55.828,61.941,66.527,71.758,76.054,81.537,86.087,91.920,96.421,101.925,106.483,112.284,116.404
elapsed,0.000,4.213,10.574,15.669,20.195,25.261,29.115,35.228,39.814,45.045,49.341,54.824,59.374,65.207,69.708,75.212,79.770,85.571,89.691
bitrate,2000,1401,1401,800,800,800,400,400,400,400,400,400,400,400,400,400,400,400,400
framerate,29.97,29.97,29.97,29.97,29.97,29.97,29.97,29.97,29.97,29.97,29.97,29.97,29.97,29.97,29.97,29.97,29.97,29.97,29.97
bufferLevel,6.673,24.695,32.211,30.439,30.99,31.701,32.254,29.122,29.563,29.188,33.524,30.283,29.929,29.877,30.006,31.202,31.819,31.596,31.76
GMSD,0,0,0.98499,0,0.78328,0,0.94744,0,0.95419,0,0.91987,0,0.89990,0,0.88146,0,0.81032,0,0.89924
bitrateSwitch,0,1,0,1,0,0,1,0,0,0,0,0,0,0,0,0,0,0,0
stalling,0,0,0,0,0,0,0,0,0,0,0,0,0,0,0,0,0,0,0
stallingTime (sec),0,0,0,0,0,0,0,0,0,0,0,0,0,0,0,0,0,0,0
Throughput (Kbps),7765,11564,4046,2149,1471,1983,1724,593,765,601,1243,571,1010,1033,1035,986,814,985,889

IP,10.0.0.39
Attribute,HIGH
initTime,2023-04-20 18:58:14.427241
endTime,2023-04-20 19:00:23.784104
liveTime(sec),129.356863
startupDelay,1354
Total stalling Event,0
player width,1280
player height,720
time,28.248,31.027,38.638,42.827,48.109,52.362,57.486,61.782,67.850,72.006,77.875,81.975,86.880,91.606,98.240,101.816,107.217,113.039,118.197,122.212,126.921
elapsed,0.000,2.779,10.390,14.579,19.861,24.114,29.238,33.534,39.602,43.758,49.627,53.727,58.632,63.358,69.992,73.568,78.969,84.791,89.949,93.964,98.673
bitrate,2000,1401,1401,800,800,800,400,400,400,400,400,400,400,400,400,400,400,400,400,400,400
framerate,29.97,29.97,29.97,29.97,29.97,29.97,29.97,29.97,29.97,29.97,29.97,29.97,29.97,29.97,29.97,29.97,29.97,29.97,29.97,29.97,29.97
bufferLevel,6.988,31.453,31.127,30.971,31.579,31.057,32.432,32.681,28.94,29.749,33.337,30.396,30.73,30.923,31.347,31.186,31.693,31.893,31.64,28.146,32.576
GMSD,0,0,0.87312,0,0.88619,0,0.95208,0,0.93804,0,0.89734,0,0.90734,0,0.85186,0,0.86014,0,0.93401,0,0.92999
bitrateSwitch,0,1,0,1,0,0,1,0,0,0,0,0,0,0,0,0,0,0,0,0,0
stalling,0,0,0,0,0,0,0,0,0,0,0,0,0,0,0,0,0,0,0,0,0
stallingTime (sec),0,0,0,0,0,0,0,0,0,0,0,0,0,0,0,0,0,0,0,0,0
Throughput (Kbps),7765,12543,3067,2149,1471,1983,1724,853,505,601,1243,571,1010,1033,1035,986,814,985,889,709,1313

IP,10.0.0.27
Attribute,HIGH
initTime,2023-04-20 18:58:14.611026
endTime,2023-04-20 19:00:23.784106
liveTime(sec),129.17308
startupDelay,1211
Total stalling Event,0
player width,1280
player height,720
time,28.728,31.170,38.647,42.949,47.408,51.933,57.836,62.269,67.309,71.945,77.114,81.744,87.475,91.798,97.206,102.270,107.358,113.307,119.816,122.858,127.207,131.024,136.192
elapsed,0.000,2.442,9.919,14.221,18.680,23.205,29.108,33.541,38.581,43.217,48.386,53.016,58.747,63.070,68.478,73.542,78.630,84.579,91.088,94.130,98.479,102.296,107.464
bitrate,400,400,400,400,400,400,400,400,400,400,400,400,400,400,400,400,400,400,400,400,400,400,400
framerate,29.97,29.97,29.97,29.97,29.97,29.97,29.97,29.97,29.97,29.97,29.97,29.97,29.97,29.97,29.97,29.97,29.97,29.97,29.97,29.97,29.97,29.97,29.97
bufferLevel,32.003,19.845,27.723,16.824,25.001,12.702,20.838,28.611,16.198,24.387,31.973,20.814,28.36,15.425,23.607,31.714,19.474,28.196,16.518,25.414,29.818,18.145,26.011
GMSD,0,0,0.82064,0,0.84055,0,0.85778,0,0.84668,0,0.95119,0,0.89052,0,0.90912,0,0.91381,0,0.86111,0,0.79699,0,0.94511
bitrateSwitch,0,0,0,0,0,0,0,0,0,0,0,0,0,0,0,0,0,0,0,0,0,0,0
stalling,0,0,0,0,0,0,0,0,0,0,0,0,0,0,0,0,0,0,0,0,0,0,0
stallingTime (sec),0,0,0,0,0,0,0,0,0,0,0,0,0,0,0,0,0,0,0,0,0,0,0
Throughput (Kbps),6015,0,1529,0,1816,0,1324,1681,0,1122,1487,0,1581,0,1693,1581,0,1579,0,1598,1313,0,1584

IP,10.0.0.40
Attribute,HIGH
initTime,2023-04-20 18:58:14.997355
endTime,2023-04-20 19:00:23.784109
liveTime(sec),128.786754
startupDelay,496
Total stalling Event,0
player width,1280
player height,720
time,29.180,32.901,40.545,43.957,50.259,52.816,59.115,62.873,70.205,72.809,78.986,82.945,89.189,92.869,99.208,103.019,110.745,113.902,118.789,123.591,127.775
elapsed,0.000,3.721,11.365,14.777,21.079,23.636,29.935,33.693,41.025,43.629,49.806,53.765,60.009,63.689,70.028,73.839,81.565,84.722,89.609,94.411,98.595
bitrate,2000,1401,1401,800,800,800,400,400,400,400,400,400,400,400,400,400,400,400,400,400,400
framerate,29.97,29.97,29.97,29.97,29.97,29.97,29.97,29.97,29.97,29.97,29.97,29.97,29.97,29.97,29.97,29.97,29.97,29.97,29.97,29.97,29.97
bufferLevel,5.587,31.046,29.538,29.564,30.021,30.359,30.617,31.585,31.813,31.822,31.907,28.74,33.115,29.244,29.266,30.473,30.389,29.863,30.186,30.883,30.793
GMSD,0,0,0.98205,0,0.80073,0,0.95131,0,0.94600,0,0.93888,0,0.90834,0,0.83528,0,0.86995,0,0.91194,0,0.93662
bitrateSwitch,0,1,0,1,0,0,1,0,0,0,0,0,0,0,0,0,0,0,0,0,0
stalling,0,0,0,0,0,0,0,0,0,0,0,0,0,0,0,0,0,0,0,0,0
stallingTime (sec),0,0,0,0,0,0,0,0,0,0,0,0,0,0,0,0,0,0,0,0,0
Throughput (Kbps),8608,12543,3067,2148,1471,1983,1724,853,691,708,950,571,1272,771,1433,587,814,985,889,957,1065

IP,10.0.0.37
Attribute,HIGH
initTime,2023-04-20 18:58:15.330224
endTime,2023-04-20 19:00:23.784112
liveTime(sec),128.453888
startupDelay,1373
Total stalling Event,0
player width,1280
player height,720
time,29.071,31.762,39.939,43.392,48.228,52.423,59.929,62.389,67.738,72.507,79.465,82.287,88.051,92.235,99.458,102.569,109.987,112.907
elapsed,0.000,2.691,10.868,14.321,19.157,23.352,30.858,33.318,38.667,43.436,50.394,53.216,58.980,63.164,70.387,73.498,80.916,83.836
bitrate,2000,1401,1401,800,800,800,400,400,400,400,400,400,400,400,400,400,400,400
framerate,29.97,29.97,29.97,29.97,29.97,29.97,29.97,29.97,29.97,29.97,29.97,29.97,29.97,29.97,29.97,29.97,29.97,29.97
bufferLevel,6.771,30.925,30.298,30.902,31.132,32.193,31.574,32.712,32.153,32.652,31.587,32.611,32.723,32.45,32.51,32.536,32.008,31.429
GMSD,0,0,0.98216,0,0.98521,0,0.95807,0,0.94948,0,0.94926,0,0.87447,0,0.80526,0,0.91683,0
bitrateSwitch,0,1,0,1,0,0,1,0,0,0,0,0,0,0,0,0,0,0
stalling,0,0,0,0,0,0,0,0,0,0,0,0,0,0,0,0,0,0
stallingTime (sec),0,0,0,0,0,0,0,0,0,0,0,0,0,0,0,0,0,0
Throughput (Kbps),7765,12543,3067,2149,1471,1983,1724,1258,691,708,950,904,940,1126,1078,808,950,911

IP,10.0.0.28
Attribute,HIGH
initTime,2023-04-20 18:58:15.693332
endTime,2023-04-20 19:00:23.784115
liveTime(sec),128.090783
startupDelay,1063
Total stalling Event,0
player width,1280
player height,720
time,29.406,32.800,40.279,43.840,48.981,53.174,59.058,63.011,70.080,72.983,80.118,82.796,89.036,92.775,99.103,102.849,108.854,113.754,119.763,123.190,127.949,132.276
elapsed,0.000,3.394,10.873,14.434,19.575,23.768,29.652,33.605,40.674,43.577,50.712,53.390,59.630,63.369,69.697,73.443,79.448,84.348,90.357,93.784,98.543,102.870
bitrate,400,400,400,400,400,400,400,400,400,400,400,400,400,400,400,400,400,400,400,400,400,400
framerate,29.97,29.97,29.97,29.97,29.97,29.97,29.97,29.97,29.97,29.97,29.97,29.97,29.97,29.97,29.97,29.97,29.97,29.97,29.97,29.97,29.97,29.97
bufferLevel,31.2,19.474,28.044,16.22,24.851,12.524,19.95,28.181,16.011,24.035,31.994,20.393,27.707,15.328,23.611,31.242,19.443,27.892,16.199,25.187,13.863,22.002
GMSD,0,0,0.93421,0,0.85708,0,0.86284,0,0.84860,0,0.93686,0,0.86527,0,0.84741,0,0.91193,0,0.86140,0,0.79988,0
bitrateSwitch,0,0,0,0,0,0,0,0,0,0,0,0,0,0,0,0,0,0,0,0,0,0
stalling,0,0,0,0,0,0,0,0,0,0,0,0,0,0,0,0,0,0,0,0,0,0
stallingTime (sec),0,0,0,0,0,0,0,0,0,0,0,0,0,0,0,0,0,0,0,0,0,0
Throughput (Kbps),6015,0,1529,0,1816,0,1324,1681,0,1122,1487,0,1581,0,1693,1581,0,1579,0,1598,0,1663

IP,10.0.0.45
Attribute,HIGH
initTime,2023-04-20 18:58:16.042802
endTime,2023-04-20 19:00:23.784117
liveTime(sec),127.741315
startupDelay,1276
Total stalling Event,0
player width,1280
player height,720
time,29.540,32.310,40.067,43.544,48.834,52.810,58.775,62.658,69.651,72.746,79.969,82.698,88.461,92.370,98.832,102.749,108.884,113.100,118.613,122.969
elapsed,0.000,2.770,10.527,14.004,19.294,23.270,29.235,33.118,40.111,43.206,50.429,53.158,58.921,62.830,69.292,73.209,79.344,83.560,89.073,93.429
bitrate,2000,1401,1401,800,800,800,800,400,400,400,400,400,400,400,400,400,400,400,400,400
framerate,29.97,29.97,29.97,29.97,29.97,29.97,29.97,29.97,29.97,29.97,29.97,29.97,29.97,29.97,29.97,29.97,29.97,29.97,29.97,29.97
bufferLevel,7.616,31.559,32.596,33.203,29.301,33.203,29.778,30.076,29.536,29.754,30.656,31.065,30.809,30.949,31.243,31.968,31.155,31.687,30.763,30.912
GMSD,0,0,0.93034,0,0.91836,0,0.95950,0,0.95621,0,0.94546,0,0.93421,0,0.92067,0,0.84785,0,0.94033,0
bitrateSwitch,0,1,0,1,0,0,0,1,0,0,0,0,0,0,0,0,0,0,0,0
stalling,0,0,0,0,0,0,0,0,0,0,0,0,0,0,0,0,0,0,0,0
stallingTime (sec),0,0,0,0,0,0,0,0,0,0,0,0,0,0,0,0,0,0,0,0
Throughput (Kbps),7765,12543,3067,2149,1276,2178,1318,1000,765,601,947,866,1010,1033,1035,986,814,985,889,957

IP,10.0.0.38
Attribute,HIGH
initTime,2023-04-20 18:58:16.408228
endTime,2023-04-20 19:00:23.784120
liveTime(sec),127.375892
startupDelay,932
Total stalling Event,0
player width,1280
player height,720
time,29.901,33.943,41.126,44.833,50.595,54.207,59.885,63.772,70.600,73.577,79.529,83.658,89.532,93.701,99.883,104.064,109.774,114.724
elapsed,0.000,4.042,11.225,14.932,20.694,24.306,29.984,33.871,40.699,43.676,49.628,53.757,59.631,63.800,69.982,74.163,79.873,84.823
bitrate,2000,1401,1401,800,800,800,400,400,400,400,400,400,400,400,400,400,400,400
framerate,29.97,29.97,29.97,29.97,29.97,29.97,29.97,29.97,29.97,29.97,29.97,29.97,29.97,29.97,29.97,29.97,29.97,29.97
bufferLevel,6.695,31.592,29.854,30.328,30.864,31.738,31.456,32.833,31.857,31.27,31.317,32.048,31.79,32.056,32.427,31.8,31.333,31.061
GMSD,0,0,0.91588,0,0.98422,0,0.95940,0,0.95197,0,0.94781,0,0.89099,0,0.80720,0,0.86633,0
bitrateSwitch,0,1,0,1,0,0,1,0,0,0,0,0,0,0,0,0,0,0
stalling,0,0,0,0,0,0,0,0,0,0,0,0,0,0,0,0,0,0
stallingTime (sec),0,0,0,0,0,0,0,0,0,0,0,0,0,0,0,0,0,0
Throughput (Kbps),7765,12543,3067,2149,1471,1983,1724,853,691,708,950,904,940,1126,1078,808,950,911

IP,10.0.0.11
Attribute,HIGH
initTime,2023-04-20 18:58:16.770625
endTime,2023-04-20 19:00:23.784123
liveTime(sec),127.013498
startupDelay,1112
Total stalling Event,0
player width,1280
player height,720
time,29.580,33.379,40.778,43.884,49.261,53.301,59.470,63.020,69.190,73.308,79.028,83.047,90.481,93.142,99.383,103.181,109.392,113.404,119.217,123.532,128.210,132.668,137.653
elapsed,0.000,3.799,11.198,14.304,19.681,23.721,29.890,33.440,39.610,43.728,49.448,53.467,60.901,63.562,69.803,73.601,79.812,83.824,89.637,93.952,98.630,103.088,108.073
bitrate,2000,2000,1401,1401,800,800,800,400,400,400,400,400,400,400,400,400,400,400,400,400,400,400,400
framerate,29.97,29.97,29.97,29.97,29.97,29.97,29.97,29.97,29.97,29.97,29.97,29.97,29.97,29.97,29.97,29.97,29.97,29.97,29.97,29.97,29.97,29.97,29.97
bufferLevel,22.845,11.606,31.042,30.009,30.464,30.106,29.84,29.749,31.035,29.921,30.397,30.885,30.457,31.703,31.767,31.895,32.214,31.816,32.193,33.093,28.646,32.55,29.888
GMSD,0,0,0.99617,0,0.90781,0,0.98546,0,0.93626,0,0.84683,0,0.87118,0,0.88726,0,0.82933,0,0.85754,0,0.79279,0,0.84173
bitrateSwitch,0,0,1,0,1,0,0,1,0,0,0,0,0,0,0,0,0,0,0,0,0,0,0
stalling,0,0,0,0,0,0,0,0,0,0,0,0,0,0,0,0,0,0,0,0,0,0,0
stallingTime (sec),0,0,0,0,0,0,0,0,0,0,0,0,0,0,0,0,0,0,0,0,0,0,0
Throughput (Kbps),7450,40208,13827,3692,1473,1983,2088,1519,691,708,950,904,940,1126,1078,808,950,911,973,955,702,1229,810

IP,10.0.0.46
Attribute,HIGH
initTime,2023-04-20 18:58:17.224304
endTime,2023-04-20 19:00:23.784126
liveTime(sec),126.559822
startupDelay,765
Total stalling Event,0
player width,1280
player height,720
time,30.259,35.101,41.875,45.672,51.145,55.181,61.221,64.395,70.267,75.306,80.563,85.072,90.861,95.013,100.080,105.628,110.807,115.783,121.183,124.611
elapsed,0.000,4.842,11.616,15.413,20.886,24.922,30.962,34.136,40.008,45.047,50.304,54.813,60.602,64.754,69.821,75.369,80.548,85.524,90.924,94.352
bitrate,2000,1401,800,800,800,800,400,400,400,400,400,400,400,400,400,400,400,400,400,400
framerate,29.97,29.97,29.97,29.97,29.97,29.97,29.97,29.97,29.97,29.97,29.97,29.97,29.97,29.97,29.97,29.97,29.97,29.97,29.97,29.97
bufferLevel,6.335,31.381,32.319,32.318,28.176,32.562,33.016,32.255,29.4,32.587,32.525,29.247,29.518,29.574,30.612,30.947,30.307,30.409,29.78,30.359
GMSD,0,0,0.96739,0,0.98609,0,0.95788,0,0.95190,0,0.94407,0,0.91276,0,0.91992,0,0.83274,0,0.93501,0
bitrateSwitch,0,1,1,0,0,0,1,0,0,0,0,0,0,0,0,0,0,0,0,0
stalling,0,0,0,0,0,0,0,0,0,0,0,0,0,0,0,0,0,0,0,0
stallingTime (sec),0,0,0,0,0,0,0,0,0,0,0,0,0,0,0,0,0,0,0,0
Throughput (Kbps),7765,12068,2612,2148,1276,2178,1417,853,505,894,950,571,1010,1033,1035,986,814,985,889,957

IP,10.0.0.12
Attribute,HIGH
initTime,2023-04-20 18:58:17.637101
endTime,2023-04-20 19:00:23.784129
liveTime(sec),126.147028
startupDelay,778
Total stalling Event,0
player width,1280
player height,720
time,30.597,35.151,42.042,45.672,50.600,55.337,60.560,65.256,71.340,75.099,80.755,85.354,90.095,95.458,100.457,105.536,110.747,115.934,122.179,124.848,129.253,134.059,139.002
elapsed,0.000,4.554,11.445,15.075,20.003,24.740,29.963,34.659,40.743,44.502,50.158,54.757,59.498,64.861,69.860,74.939,80.150,85.337,91.582,94.251,98.656,103.462,108.405
bitrate,2000,1401,1401,800,800,800,400,400,400,400,400,400,400,400,400,400,400,400,400,400,400,400,400
framerate,29.97,29.97,29.97,29.97,29.97,29.97,29.97,29.97,29.97,29.97,29.97,29.97,29.97,29.97,29.97,29.97,29.97,29.97,29.97,29.97,29.97,29.97,29.97
bufferLevel,6.738,30.553,30.046,33.307,33.651,29.665,33.329,29.416,33.227,29.322,29.47,30.062,29.966,31.198,30.861,31.402,31.717,32.105,31.912,32.426,31.788,32.168,32.711
GMSD,0,0,0.77488,0,0.98767,0,0.86196,0,0.96062,0,0.87191,0,0.87303,0,0.94613,0,0.88566,0,0.86381,0,0.83380,0,0.94584
bitrateSwitch,0,1,0,1,0,0,1,0,0,0,0,0,0,0,0,0,0,0,0,0,0,0,0
stalling,0,0,0,0,0,0,0,0,0,0,0,0,0,0,0,0,0,0,0,0,0,0,0
stallingTime (sec),0,0,0,0,0,0,0,0,0,0,0,0,0,0,0,0,0,0,0,0,0,0,0
Throughput (Kbps),7765,12543,3067,2830,1473,1300,2071,506,862,537,950,904,940,1126,1078,808,950,911,973,955,1052,879,1127

IP,10.0.0.7
Attribute,HIGH
initTime,2023-04-20 18:58:18.004291
endTime,2023-04-20 19:00:23.784132
liveTime(sec),125.779841
startupDelay,932
Total stalling Event,0
player width,1280
player height,720
time,30.176,34.758,41.539,44.785,50.276,54.338,60.117,64.078,70.143,74.598,80.276,84.728,90.859,94.474,100.939,104.317,111.778,114.659,121.852,124.368,128.913,133.637,138.621
elapsed,0.000,4.582,11.363,14.609,20.100,24.162,29.941,33.902,39.967,44.422,50.100,54.552,60.683,64.298,70.763,74.141,81.602,84.483,91.676,94.192,98.737,103.461,108.445
bitrate,2000,1401,800,800,800,800,400,400,400,400,400,400,400,400,400,400,400,400,400,400,400,400,400
framerate,29.97,29.97,29.97,29.97,29.97,29.97,29.97,29.97,29.97,29.97,29.97,29.97,29.97,29.97,29.97,29.97,29.97,29.97,29.97,29.97,29.97,29.97,29.97
bufferLevel,6.193,31.191,31.44,31.546,31.686,32.281,29.255,29.694,32.525,29.049,28.886,29.151,29.503,30.029,31.059,30.871,31.065,31.667,32.195,31.907,32.182,32.39,32.506
GMSD,0,0,0.80669,0,0.85665,0,0.94984,0,0.95190,0,0.91438,0,0.91389,0,0.91748,0,0.86899,0,0.88535,0,0.93083,0,0.86169
bitrateSwitch,0,1,1,0,0,0,1,0,0,0,0,0,0,0,0,0,0,0,0,0,0,0,0
stalling,0,0,0,0,0,0,0,0,0,0,0,0,0,0,0,0,0,0,0,0,0,0,0
stallingTime (sec),0,0,0,0,0,0,0,0,0,0,0,0,0,0,0,0,0,0,0,0,0,0,0
Throughput (Kbps),8186,12068,2612,2148,1471,1983,1010,998,951,415,947,866,1010,1033,1035,986,814,985,889,957,1065,943,1095

IP,10.0.0.17
Attribute,HIGH
initTime,2023-04-20 18:58:18.333044
endTime,2023-04-20 19:00:23.784144
liveTime(sec),125.4511
startupDelay,1379
Total stalling Event,0
player width,1280
player height,720
time,30.155,34.957,41.496,44.761,50.614,54.229,60.004,64.339,71.022,74.238,80.217,84.491,89.919,94.422,99.926,104.305,110.413,114.599
elapsed,0.000,4.802,11.341,14.606,20.459,24.074,29.849,34.184,40.867,44.083,50.062,54.336,59.764,64.267,69.771,74.150,80.258,84.444
bitrate,400,400,400,400,400,400,400,400,400,400,400,400,400,400,400,400,400,400
framerate,29.97,29.97,29.97,29.97,29.97,29.97,29.97,29.97,29.97,29.97,29.97,29.97,29.97,29.97,29.97,29.97,29.97,29.97
bufferLevel,31.162,19.176,27.941,16.763,24.29,12.277,21.312,28.808,17.183,25.901,15.013,22.773,31.288,20.234,28.608,17.239,25.263,13.209
GMSD,0,0,0.78213,0,0.85187,0,0.87030,0,0.84718,0,0.91300,0,0.88150,0,0.84834,0,0.87649,0
bitrateSwitch,0,0,0,0,0,0,0,0,0,0,0,0,0,0,0,0,0,0
stalling,0,0,0,0,0,0,0,0,0,0,0,0,0,0,0,0,0,0
stallingTime (sec),0,0,0,0,0,0,0,0,0,0,0,0,0,0,0,0,0,0
Throughput (Kbps),4880,0,1529,0,1816,0,1324,1681,0,1122,0,1487,1581,0,1693,0,1581,0

IP,10.0.0.3
Attribute,HIGH
initTime,2023-04-20 18:58:18.937334
endTime,2023-04-20 19:00:23.784146
liveTime(sec),124.846812
startupDelay,1709
Total stalling Event,0
player width,1280
player height,720
time,30.755,35.490,41.838,45.130,51.915,54.916,60.713,65.157,70.465,75.031,80.703,84.978,90.250,94.855,101.141,105.034,111.545,115.098,122.269,124.712,129.214,134.115,139.063
elapsed,0.000,4.735,11.083,14.375,21.160,24.161,29.958,34.402,39.710,44.276,49.948,54.223,59.495,64.100,70.386,74.279,80.790,84.343,91.514,93.957,98.459,103.360,108.308
bitrate,2000,1401,1401,800,800,800,400,400,400,400,400,400,400,400,400,400,400,400,400,400,400,400,400
framerate,29.97,29.97,29.97,29.97,29.97,29.97,29.97,29.97,29.97,29.97,29.97,29.97,29.97,29.97,29.97,29.97,29.97,29.97,29.97,29.97,29.97,29.97,29.97
bufferLevel,4.258,31.406,31.374,32.324,32.331,31.893,31.686,32.066,32.764,29.161,33.149,29.713,30.886,31.577,31.033,30.981,30.781,30.598,30.817,30.496,31.317,32.07,30.769
GMSD,0,0,0.82477,0,0.98440,0,0.95411,0,0.94980,0,0.95119,0,0.90875,0,0.82894,0,0.86566,0,0.88358,0,0.84295,0,0.89333
bitrateSwitch,0,1,0,1,0,0,1,0,0,0,0,0,0,0,0,0,0,0,0,0,0,0,0
stalling,0,0,0,0,0,0,0,0,0,0,0,0,0,0,0,0,0,0,0,0,0,0,0
stallingTime (sec),0,0,0,0,0,0,0,0,0,0,0,0,0,0,0,0,0,0,0,0,0,0,0
Throughput (Kbps),5899,14409,3067,2149,1471,1983,1724,853,691,415,1243,571,1010,1033,1035,986,814,985,889,957,1065,943,1095

IP,10.0.0.8
Attribute,HIGH
initTime,2023-04-20 18:58:19.327975
endTime,2023-04-20 19:00:23.784149
liveTime(sec),124.456174
startupDelay,525
Total stalling Event,0
player width,1280
player height,720
time,30.930,37.273,42.326,46.808,51.742,56.363,61.704,66.402,71.170,76.198,81.168,86.443,91.114,96.766,101.102,106.944,112.186,117.397,122.027,125.291,129.915,134.947,140.071
elapsed,0.000,6.343,11.396,15.878,20.812,25.433,30.774,35.472,40.240,45.268,50.238,55.513,60.184,65.836,70.172,76.014,81.256,86.467,91.097,94.361,98.985,104.017,109.141
bitrate,2000,1401,1401,800,800,800,800,400,400,400,400,400,400,400,400,400,400,400,400,400,400,400,400
framerate,29.97,29.97,29.97,29.97,29.97,29.97,29.97,29.97,29.97,29.97,29.97,29.97,29.97,29.97,29.97,29.97,29.97,29.97,29.97,29.97,29.97,29.97,29.97
bufferLevel,13.83,18.438,30.567,32.163,30.567,31.532,32.261,32.108,31.914,32.431,32.347,32.373,32.374,33.218,29.364,29.945,30.24,30.956,30.926,31.45,31.154,31.899,31.494
GMSD,0,0,0.88736,0,0.84638,0,0.94777,0,0.92292,0,0.94564,0,0.91893,0,0.89635,0,0.86003,0,0.89043,0,0.94220,0,0.85731
bitrateSwitch,0,1,0,1,0,0,0,1,0,0,0,0,0,0,0,0,0,0,0,0,0,0,0
stalling,0,0,0,0,0,0,0,0,0,0,0,0,0,0,0,0,0,0,0,0,0,0,0
stallingTime (sec),0,0,0,0,0,0,0,0,0,0,0,0,0,0,0,0,0,0,0,0,0,0,0
Throughput (Kbps),8386,36236,6316,2617,1471,1983,2088,853,691,708,950,904,940,1126,680,986,814,985,889,957,1065,943,1095

IP,10.0.0.1
Attribute,HIGH
initTime,2023-04-20 18:58:19.661962
endTime,2023-04-20 19:00:23.784152
liveTime(sec),124.12219
startupDelay,1119
Total stalling Event,0
player width,1280
player height,720
time,30.816,37.224,42.597,45.926,51.694,56.396,61.512,65.773,71.548,75.799,81.586,86.660,91.497,95.817,102.010,107.044,112.483,117.223,122.749,125.358,129.788
elapsed,0.000,6.408,11.781,15.110,20.878,25.580,30.696,34.957,40.732,44.983,50.770,55.844,60.681,65.001,71.194,76.228,81.667,86.407,91.933,94.542,98.972
bitrate,400,400,400,400,400,400,400,400,400,400,400,400,400,400,400,400,400,400,400,400,400
framerate,29.97,29.97,29.97,29.97,29.97,29.97,29.97,29.97,29.97,29.97,29.97,29.97,29.97,29.97,29.97,29.97,29.97,29.97,29.97,29.97,29.97
bufferLevel,31.414,20.015,29.582,16.796,25.117,13.422,21.932,30.514,18.836,26.922,14.557,23.291,31.603,19.697,27.869,15.485,23.732,32.282,20.259,28.098,15.371
GMSD,0,0,0.90088,0,0.91415,0,0.87225,0,0.86048,0,0.92551,0,0.93529,0,0.83313,0,0.86542,0,0.88514,0,0.89962
bitrateSwitch,0,0,0,0,0,0,0,0,0,0,0,0,0,0,0,0,0,0,0,0,0
stalling,0,0,0,0,0,0,0,0,0,0,0,0,0,0,0,0,0,0,0,0,0
stallingTime (sec),0,0,0,0,0,0,0,0,0,0,0,0,0,0,0,0,0,0,0,0,0
Throughput (Kbps),4880,0,1529,0,1816,0,1324,1681,0,1122,0,1487,1581,0,1693,0,1581,1579,0,1598,0

IP,10.0.0.18
Attribute,HIGH
initTime,2023-04-20 18:58:20.088390
endTime,2023-04-20 19:00:23.784155
liveTime(sec),123.695765
startupDelay,682
Total stalling Event,0
player width,1280
player height,720
time,30.973,37.476,42.741,46.999,52.213,56.502,61.515,67.080,71.576,76.674,81.377,86.801,91.241,97.066,101.621,107.223,112.057,117.619
elapsed,0.000,6.503,11.768,16.026,21.240,25.529,30.542,36.107,40.603,45.701,50.404,55.828,60.268,66.093,70.648,76.250,81.084,86.646
bitrate,400,400,400,400,400,400,400,400,400,400,400,400,400,400,400,400,400,400
framerate,29.97,29.97,29.97,29.97,29.97,29.97,29.97,29.97,29.97,29.97,29.97,29.97,29.97,29.97,29.97,29.97,29.97,29.97
bufferLevel,30.302,18.125,27.408,15.412,23.154,31.015,20.4,28.238,16.398,25.07,13.696,22.031,30.874,19.976,28.635,15.961,23.884,12.37
GMSD,0,0,0.77297,0,0.86214,0,0.86090,0,0.84893,0,0.94603,0,0.92488,0,0.89958,0,0.86082,0
bitrateSwitch,0,0,0,0,0,0,0,0,0,0,0,0,0,0,0,0,0,0
stalling,0,0,0,0,0,0,0,0,0,0,0,0,0,0,0,0,0,0
stallingTime (sec),0,0,0,0,0,0,0,0,0,0,0,0,0,0,0,0,0,0
Throughput (Kbps),4880,0,1529,0,1816,1324,0,1681,0,1122,0,1487,1581,0,1693,0,1581,0

IP,10.0.0.2
Attribute,HIGH
initTime,2023-04-20 18:58:20.405495
endTime,2023-04-20 19:00:23.784158
liveTime(sec),123.378663
startupDelay,709
Total stalling Event,0
player width,1280
player height,720
time,31.027,38.424,42.745,47.892,51.777,56.508,61.897,67.651,71.753,77.688,81.567,87.466,91.321,97.778,101.735,107.084,112.567,118.257,122.740,126.320,130.445
elapsed,0.000,7.397,11.718,16.865,20.750,25.481,30.870,36.624,40.726,46.661,50.540,56.439,60.294,66.751,70.708,76.057,81.540,87.230,91.713,95.293,99.418
bitrate,400,400,2000,1401,1401,800,800,800,800,400,400,400,400,400,400,400,400,400,400,400,400
framerate,29.97,29.97,29.97,29.97,29.97,29.97,29.97,29.97,29.97,29.97,29.97,29.97,29.97,29.97,29.97,29.97,29.97,29.97,29.97,29.97,29.97
bufferLevel,29.947,18.973,16.232,23.068,32.08,32.277,28.777,33.403,29.466,29.384,29.072,31.027,30.141,30.38,30.442,30.324,30.922,31.391,30.925,30.222,30.578
GMSD,0,0,0.84950,0,0.79797,0,0.98085,0,0.94838,0,0.97525,0,0.92863,0,0.84620,0,0.86122,0,0.92547,0,0.86339
bitrateSwitch,0,0,1,1,0,1,0,0,0,1,0,0,0,0,0,0,0,0,0,0,0
stalling,0,0,0,0,0,0,0,0,0,0,0,0,0,0,0,0,0,0,0,0,0
stallingTime (sec),0,0,0,0,0,0,0,0,0,0,0,0,0,0,0,0,0,0,0,0,0
Throughput (Kbps),6015,0,5403,12020,3813,2526,1318,2555,1066,798,947,866,1010,1033,1035,986,814,985,889,957,1065

IP,10.0.0.4
Attribute,HIGH
initTime,2023-04-20 18:58:20.714799
endTime,2023-04-20 19:00:23.784161
liveTime(sec),123.069362
startupDelay,1079
Total stalling Event,0
player width,1280
player height,720
time,31.098,38.511,42.627,47.875,52.002,57.884,61.549,67.061,72.130,76.839,81.517,87.161,91.526,97.392,101.893,108.142,112.113,118.730,122.367,126.418,130.545,135.904,140.585
elapsed,0.000,7.413,11.529,16.777,20.904,26.786,30.451,35.963,41.032,45.741,50.419,56.063,60.428,66.294,70.795,77.044,81.015,87.632,91.269,95.320,99.447,104.806,109.487
bitrate,2000,1401,1401,800,800,800,400,400,400,400,400,400,400,400,400,400,400,400,400,400,400,400,400
framerate,29.97,29.97,29.97,29.97,29.97,29.97,29.97,29.97,29.97,29.97,29.97,29.97,29.97,29.97,29.97,29.97,29.97,29.97,29.97,29.97,29.97,29.97,29.97
bufferLevel,6.726,29.285,29.777,30.726,30.257,29.824,29.71,30.715,30.796,30.917,31.165,31.97,32.833,28.897,29.066,31.986,32.404,32.726,28.722,32.383,32.604,28.872,32.437
GMSD,0,0,0.98313,0,0.77035,0,0.85955,0,0.94934,0,0.92411,0,0.90697,0,0.88154,0,0.86379,0,0.87672,0,0.82256,0,0.94567
bitrateSwitch,0,1,0,1,0,0,1,0,0,0,0,0,0,0,0,0,0,0,0,0,0,0,0
stalling,0,0,0,0,0,0,0,0,0,0,0,0,0,0,0,0,0,0,0,0,0,0,0
stallingTime (sec),0,0,0,0,0,0,0,0,0,0,0,0,0,0,0,0,0,0,0,0,0,0,0
Throughput (Kbps),7765,12543,3067,2149,1471,1983,1724,853,691,708,950,904,940,771,1035,1206,950,911,607,1321,1052,593,1412

IP,10.0.0.5
Attribute,HIGH
initTime,2023-04-20 18:58:24.556171
endTime,2023-04-20 19:00:23.784163
liveTime(sec),119.227992
startupDelay,1286
Total stalling Event,0
player width,1280
player height,720
time,38.666,43.062,47.429,52.682,58.470,62.156,67.204,71.909,78.046,81.878,87.272,91.665,97.137,101.816,107.718,112.425,119.371,122.378,127.067,130.988,136.138,140.974
elapsed,0.000,4.396,8.763,14.016,19.804,23.490,28.538,33.243,39.380,43.212,48.606,52.999,58.471,63.150,69.052,73.759,80.705,83.712,88.401,92.322,97.472,102.308
bitrate,400,400,400,400,400,400,400,400,400,400,400,400,400,400,400,400,400,400,400,400,400,400
framerate,29.97,29.97,29.97,29.97,29.97,29.97,29.97,29.97,29.97,29.97,29.97,29.97,29.97,29.97,29.97,29.97,29.97,29.97,29.97,29.97,29.97,29.97
bufferLevel,31.645,24.162,32.778,21.478,28.22,16.863,25.829,13.87,22.417,22.967,22.586,23.372,22.829,23.303,20.085,23.772,20.167,23.426,20.803,25.3,20.982,22.203
GMSD,0,0,0.85112,0,0.83542,0,0.86876,0,0.84782,0,0.94689,0,0.91847,0,0.88140,0,0.86382,0,0.93885,0,0.94131,0
bitrateSwitch,0,0,0,0,0,0,0,0,0,0,0,0,0,0,0,0,0,0,0,0,0,0
stalling,0,0,0,0,0,0,0,0,0,0,0,0,0,0,0,0,0,0,0,0,0,0
stallingTime (sec),0,0,0,0,0,0,0,0,0,0,0,0,0,0,0,0,0,0,0,0,0,0
Throughput (Kbps),6015,373,1531,0,1750,0,1378,0,1580,691,708,950,904,940,771,1433,587,1170,629,1254,592,1065

IP,10.0.0.6
Attribute,HIGH
initTime,2023-04-20 18:58:24.947174
endTime,2023-04-20 19:00:23.784166
liveTime(sec),118.836992
startupDelay,794
Total stalling Event,0
player width,1280
player height,720
time,40.271,43.542,49.921,52.868,58.781,63.095,70.296,72.965,78.661,82.858,88.702,92.866,99.045,103.008,110.377,113.802,119.677,123.725,128.037,132.527,137.522
elapsed,0.000,3.271,9.650,12.597,18.510,22.824,30.025,32.694,38.390,42.587,48.431,52.595,58.774,62.737,70.106,73.531,79.406,83.454,87.766,92.256,97.251
bitrate,2000,1401,1401,800,800,800,400,400,400,400,400,400,400,400,400,400,400,400,400,400,400
framerate,29.97,29.97,29.97,29.97,29.97,29.97,29.97,29.97,29.97,29.97,29.97,29.97,29.97,29.97,29.97,29.97,29.97,29.97,29.97,29.97,29.97
bufferLevel,6.16,30.825,31.28,31.44,30.705,31.603,32.182,32.374,32.956,32.958,32.548,32.219,32.628,29.362,29.678,30.586,30.253,29.849,30.088,30.417,31.391
GMSD,0,0,0.98378,0,0.92479,0,0.95874,0,0.95526,0,0.86549,0,0.88825,0,0.82610,0,0.77262,0,0.93446,0,0.88790
bitrateSwitch,0,1,0,1,0,0,1,0,0,0,0,0,0,0,0,0,0,0,0,0,0
stalling,0,0,0,0,0,0,0,0,0,0,0,0,0,0,0,0,0,0,0,0,0
stallingTime (sec),0,0,0,0,0,0,0,0,0,0,0,0,0,0,0,0,0,0,0,0,0
Throughput (Kbps),7765,12543,3067,2149,1471,1983,1724,853,691,708,950,904,940,771,1035,986,814,985,889,957,1065

IP,10.0.0.29
Attribute,HIGH
initTime,2023-04-20 18:58:25.390244
endTime,2023-04-20 19:00:23.784168
liveTime(sec),118.393924
startupDelay,1507
Total stalling Event,0
player width,1280
player height,720
time,38.903,43.122,48.921,52.457,58.339,62.091,67.967,72.196,78.165,82.098,88.870,92.126,97.634,102.552,108.215,112.722,120.336
elapsed,0.000,4.219,10.018,13.554,19.436,23.188,29.064,33.293,39.262,43.195,49.967,53.223,58.731,63.649,69.312,73.819,81.433
bitrate,2000,1401,1401,800,800,800,800,400,400,400,400,400,400,400,400,400,400
framerate,29.97,29.97,29.97,29.97,29.97,29.97,29.97,29.97,29.97,29.97,29.97,29.97,29.97,29.97,29.97,29.97,29.97
bufferLevel,3.366,31.848,32.492,29.014,33.886,30.65,31.201,33.049,32.498,31.666,32.655,28.558,33.56,33.194,33.098,29.551,29.793
GMSD,0,0,0.85150,0,0.98520,0,0.93269,0,0.93303,0,0.86100,0,0.91704,0,0.91865,0,0.82780
bitrateSwitch,0,1,0,1,0,0,0,1,0,0,0,0,0,0,0,0,0
stalling,0,0,0,0,0,0,0,0,0,0,0,0,0,0,0,0,0
stallingTime (sec),0,0,0,0,0,0,0,0,0,0,0,0,0,0,0,0,0
Throughput (Kbps),5899,14409,3067,1404,2217,1373,1927,1000,765,601,947,570,1306,1033,1035,636,897

IP,10.0.0.30
Attribute,HIGH
initTime,2023-04-20 18:58:25.881609
endTime,2023-04-20 19:00:23.784171
liveTime(sec),117.902562
startupDelay,687
Total stalling Event,0
player width,1280
player height,720
time,40.880,44.523,49.659,53.567,60.029,63.555,69.104,73.724,79.173,83.240,89.621,93.303,99.285,103.930,110.026,114.437,119.967
elapsed,0.000,3.643,8.779,12.687,19.149,22.675,28.224,32.844,38.293,42.360,48.741,52.423,58.405,63.050,69.146,73.557,79.087
bitrate,400,400,400,400,400,400,400,400,800,400,400,400,400,400,400,400,400
framerate,29.97,29.97,29.97,29.97,29.97,29.97,29.97,29.97,29.97,29.97,29.97,29.97,29.97,29.97,29.97,29.97,29.97
bufferLevel,29.257,19.592,26.837,15.009,24.056,25.313,21.236,18.921,29.71,30.018,30.056,30.529,31.357,31.33,30.871,30.986,31.728
GMSD,0,0,0.82033,0,0.91711,0,0.88619,0,0.85798,0,0.93995,0,0.90465,0,0.91422,0,0.80174
bitrateSwitch,0,0,0,0,0,0,0,0,1,1,0,0,0,0,0,0,0
stalling,0,0,0,0,0,0,0,0,0,0,0,0,0,0,0,0,0
stallingTime (sec),0,0,0,0,0,0,0,0,0,0,0,0,0,0,0,0,0
Throughput (Kbps),4880,0,1529,0,1816,710,615,683,5245,1455,947,866,1010,1033,1035,986,814

IP,10.0.0.31
Attribute,HIGH
initTime,2023-04-20 18:58:26.582755
endTime,2023-04-20 19:00:23.784174
liveTime(sec),117.201419
startupDelay,1536
Total stalling Event,0
player width,1280
player height,720
time,40.544,43.660,49.196,52.920,59.215,62.988,68.833,73.233,78.715,83.306,89.105,92.926,99.232,102.999,110.962,113.349,120.667,123.239,127.863,132.491
elapsed,0.000,3.116,8.652,12.376,18.671,22.444,28.289,32.689,38.171,42.762,48.561,52.382,58.688,62.455,70.418,72.805,80.123,82.695,87.319,91.947
bitrate,2000,1401,1401,800,800,800,800,400,400,400,400,400,400,400,400,400,400,400,400,400
framerate,29.97,29.97,29.97,29.97,29.97,29.97,29.97,29.97,29.97,29.97,29.97,29.97,29.97,29.97,29.97,29.97,29.97,29.97,29.97,29.97
bufferLevel,4.612,29.162,29.34,29.274,30.497,29.918,30.226,30.728,31.293,31.959,31.572,31.893,31.866,31.115,31.902,31.803,32.165,32.79,33.023,33.684
GMSD,0,0,0.95281,0,0.90894,0,0.92294,0,0.94999,0,0.86239,0,0.92719,0,0.81941,0,0.86138,0,0.94327,0
bitrateSwitch,0,1,0,1,0,0,0,1,0,0,0,0,0,0,0,0,0,0,0,0
stalling,0,0,0,0,0,0,0,0,0,0,0,0,0,0,0,0,0,0,0,0
stallingTime (sec),0,0,0,0,0,0,0,0,0,0,0,0,0,0,0,0,0,0,0,0
Throughput (Kbps),5899,13430,2900,2550,2021,1568,1927,1000,765,601,947,866,1010,1033,1035,986,814,985,889,957

IP,10.0.0.19
Attribute,HIGH
initTime,2023-04-20 18:58:27.641847
endTime,2023-04-20 19:00:23.784177
liveTime(sec),116.14233
startupDelay,1943
Total stalling Event,0
player width,1280
player height,720
time,41.386,45.196,50.893,54.521,61.054,63.824,70.925,73.821,80.000,83.924,89.945,93.959,100.655,104.427,111.565,114.345,121.780,124.326,128.697,133.321,138.189
elapsed,0.000,3.810,9.507,13.135,19.668,22.438,29.539,32.435,38.614,42.538,48.559,52.573,59.269,63.041,70.179,72.959,80.394,82.940,87.311,91.935,96.803
bitrate,2000,1401,1401,800,800,800,800,400,400,400,400,400,400,400,400,400,400,400,400,400,400
framerate,29.97,29.97,29.97,29.97,29.97,29.97,29.97,29.97,29.97,29.97,29.97,29.97,29.97,29.97,29.97,29.97,29.97,29.97,29.97,29.97,29.97
bufferLevel,5.072,33.191,33.617,33.167,30.649,31.381,32.6,30.735,31.318,31.873,31.63,32.695,29.503,33.731,33.266,29.983,29.319,30.392,32.965,29.273,33.662
GMSD,0,0,0.92682,0,0.88018,0,0.93726,0,0.95140,0,0.86537,0,0.93565,0,0.91347,0,0.80374,0,0.87490,0,0.93022
bitrateSwitch,0,1,0,1,0,0,0,1,0,0,0,0,0,0,0,0,0,0,0,0,0
stalling,0,0,0,0,0,0,0,0,0,0,0,0,0,0,0,0,0,0,0,0,0
stallingTime (sec),0,0,0,0,0,0,0,0,0,0,0,0,0,0,0,0,0,0,0,0,0
Throughput (Kbps),5899,14409,3067,2149,1276,1568,1927,1000,765,601,947,866,702,1341,1035,636,897,914,1227,709,1313

IP,10.0.0.32
Attribute,HIGH
initTime,2023-04-20 18:58:28.578912
endTime,2023-04-20 19:00:23.784179
liveTime(sec),115.205267
startupDelay,1460
Total stalling Event,0
player width,1280
player height,720
time,42.005,45.610,50.547,55.042,60.266,65.015,70.342,74.561,80.704,84.698,89.948,95.113,100.138,105.335,111.736,115.634,121.308,124.499,129.032
elapsed,0.000,3.605,8.542,13.037,18.261,23.010,28.337,32.556,38.699,42.693,47.943,53.108,58.133,63.330,69.731,73.629,79.303,82.494,87.027
bitrate,2000,1401,1401,800,800,800,800,400,400,400,400,400,400,400,400,400,400,400,400
framerate,29.97,29.97,29.97,29.97,29.97,29.97,29.97,29.97,29.97,29.97,29.97,29.97,29.97,29.97,29.97,29.97,29.97,29.97,29.97
bufferLevel,7.418,21.152,32.571,28.712,32.631,29.629,29.542,29.982,30.241,30.214,31.382,30.833,30.301,30.69,31.293,30.528,30.907,32.224,31.817
GMSD,0,0,0.98064,0,0.89583,0,0.92035,0,0.95498,0,0.86792,0,0.91151,0,0.84565,0,0.86510,0,0.87779
bitrateSwitch,0,1,0,1,0,0,0,1,0,0,0,0,0,0,0,0,0,0,0
stalling,0,0,0,0,0,0,0,0,0,0,0,0,0,0,0,0,0,0,0
stallingTime (sec),0,0,0,0,0,0,0,0,0,0,0,0,0,0,0,0,0,0,0
Throughput (Kbps),7765,10502,5108,1872,2217,1373,1927,1364,765,601,947,866,1010,1033,1035,986,814,985,889

IP,10.0.0.20
Attribute,HIGH
initTime,2023-04-20 18:58:29.197483
endTime,2023-04-20 19:00:23.784182
liveTime(sec),114.586699
startupDelay,1010
Total stalling Event,0
player width,1280
player height,720
time,42.201,46.285,51.517,56.012,60.972,65.996,70.971,75.936,81.330,86.060,90.595,95.976,100.843,106.906,111.505,116.996,121.595,125.053,129.521,134.543,139.373
elapsed,0.000,4.084,9.316,13.811,18.771,23.795,28.770,33.735,39.129,43.859,48.394,53.775,58.642,64.705,69.304,74.795,79.394,82.852,87.320,92.342,97.172
bitrate,400,400,400,400,400,400,400,400,400,400,400,400,400,400,400,400,400,400,400,400,400
framerate,29.97,29.97,29.97,29.97,29.97,29.97,29.97,29.97,29.97,29.97,29.97,29.97,29.97,29.97,29.97,29.97,29.97,29.97,29.97,29.97,29.97
bufferLevel,30.794,19.448,26.956,16.41,25.124,13.618,21.237,29.022,17.644,25.601,13.718,22.679,31.177,19.971,27.785,16.115,23.799,31.262,19.653,28.255,15.987
GMSD,0,0,0.83052,0,0.91590,0,0.91413,0,0.84959,0,0.86535,0,0.92208,0,0.86508,0,0.82246,0,0.87490,0,0.91959
bitrateSwitch,0,0,0,0,0,0,0,0,0,0,0,0,0,0,0,0,0,0,0,0,0
stalling,0,0,0,0,0,0,0,0,0,0,0,0,0,0,0,0,0,0,0,0,0
stallingTime (sec),0,0,0,0,0,0,0,0,0,0,0,0,0,0,0,0,0,0,0,0,0
Throughput (Kbps),4880,0,1529,0,1816,0,1324,1681,0,1122,0,1487,1581,0,1693,0,1581,1579,0,1598,0

IP,10.0.0.13
Attribute,HIGH
initTime,2023-04-20 18:58:30.004265
endTime,2023-04-20 19:00:23.784185
liveTime(sec),113.77992
startupDelay,1688
Total stalling Event,0
player width,1280
player height,720
time,42.271,46.869,51.499,56.090,61.605,65.403,71.035,75.630,80.943,85.678,90.974,95.696,100.919,105.994,111.149,117.084,121.419,125.216
elapsed,0.000,4.598,9.228,13.819,19.334,23.132,28.764,33.359,38.672,43.407,48.703,53.425,58.648,63.723,68.878,74.813,79.148,82.945
bitrate,2000,1401,1401,800,800,800,800,400,400,400,400,400,400,400,400,400,400,400
framerate,29.97,29.97,29.97,29.97,29.97,29.97,29.97,29.97,29.97,29.97,29.97,29.97,29.97,29.97,29.97,29.97,29.97,29.97
bufferLevel,4.585,32.937,32.294,32.587,31.902,31.706,28.494,32.624,32.197,33.256,33.687,29.868,29.67,29.361,29.324,30.072,29.115,29.912
GMSD,0,0,0.86986,0,0.81183,0,0.95685,0,0.94988,0,0.95200,0,0.90621,0,0.91327,0,0.84018,0
bitrateSwitch,0,1,0,1,0,0,0,1,0,0,0,0,0,0,0,0,0,0
stalling,0,0,0,0,0,0,0,0,0,0,0,0,0,0,0,0,0,0
stallingTime (sec),0,0,0,0,0,0,0,0,0,0,0,0,0,0,0,0,0,0
Throughput (Kbps),5899,14409,3067,2149,1471,1983,1318,1260,691,708,950,571,1010,1033,1035,986,814,985

IP,10.0.0.14
Attribute,HIGH
initTime,2023-04-20 18:58:31.366333
endTime,2023-04-20 19:00:23.784188
liveTime(sec),112.417855
startupDelay,875
Total stalling Event,0
player width,1280
player height,720
time,43.037,48.447,52.510,58.719,61.852,68.282,72.196,78.277,81.883,87.668,91.956,98.154,102.041,108.569,112.745,119.325,122.585,127.619
elapsed,0.000,5.410,9.473,15.682,18.815,25.245,29.159,35.240,38.846,44.631,48.919,55.117,59.004,65.532,69.708,76.288,79.548,84.582
bitrate,2000,1401,1401,800,800,800,800,400,400,400,400,400,400,400,400,400,400,400
framerate,29.97,29.97,29.97,29.97,29.97,29.97,29.97,29.97,29.97,29.97,29.97,29.97,29.97,29.97,29.97,29.97,29.97,29.97
bufferLevel,5.941,32.659,33.663,29.429,33.127,33.256,30.267,29.753,29.597,30.636,30.732,30.268,31.432,30.728,30.541,30.561,31.127,31.33
GMSD,0,0,0.80600,0,0.77149,0,0.92795,0,0.94766,0,0.91696,0,0.88831,0,0.81085,0,0.91652,0
bitrateSwitch,0,1,0,1,0,0,0,1,0,0,0,0,0,0,0,0,0,0
stalling,0,0,0,0,0,0,0,0,0,0,0,0,0,0,0,0,0,0
stallingTime (sec),0,0,0,0,0,0,0,0,0,0,0,0,0,0,0,0,0,0
Throughput (Kbps),7765,12543,4196,1488,2154,1988,1399,854,691,708,950,904,940,1126,1078,808,950,911

Avg GMSD,0.8920118199999991
Total Bitrate Switch,119
Total Stalling Event, 0

